8.000000000000000000e+01 -7.546122381576099436e-02 -7.156624327051375190e-02 -6.282558464900918349e-02
2.200000000000000000e+02 -8.177829319294777077e-02 -7.544422385772646400e-02 -6.631805746925657774e-02
3.600000000000000000e+02 -8.294319558055046615e-02 -7.495003471037639531e-02 -6.642307243221892699e-02
5.000000000000000000e+02 -7.649574983532796135e-02 -6.564185498362005988e-02 -5.659587895143025627e-02
6.400000000000000000e+02 -7.217660035156571452e-02 -5.808457688912251754e-02 -4.838401580977230720e-02
7.800000000000000000e+02 -6.604338289578780274e-02 -5.111798074700138472e-02 -4.146830250599315565e-02
9.200000000000000000e+02 -6.798705321502900023e-02 -5.215130874457656052e-02 -4.320437487566511359e-02
1.060000000000000000e+03 -6.238138212237128583e-02 -4.418167476974656227e-02 -3.475288516335024724e-02
1.200000000000000000e+03 -5.538384601763913367e-02 -3.693461285919482501e-02 -2.815813278187281193e-02
1.340000000000000000e+03 -5.182597729247803708e-02 -3.204126611625394971e-02 -2.323735929729761618e-02
1.480000000000000000e+03 -4.809487285796933825e-02 -2.601006808866326847e-02 -1.663581701622571934e-02
1.620000000000000000e+03 -3.797694231990592084e-02 -1.760774212849188294e-02 -9.039874587999133584e-03
1.760000000000000000e+03 -3.708520826221138600e-02 -1.602143396102457748e-02 -7.511750844749750383e-03
1.900000000000000000e+03 -3.412021733501943710e-02 -1.302800858173384924e-02 -5.044236250355242299e-03
2.040000000000000000e+03 -3.325411408861228546e-02 -1.225036896457274566e-02 -4.407999388353522202e-03
2.180000000000000000e+03 -2.723317092203738840e-02 -7.089492903562475030e-03 3.172647607445539301e-04
2.320000000000000000e+03 -2.336736420940417613e-02 -1.923461693712137004e-03 5.462689634014683375e-03
2.460000000000000000e+03 -1.170880324175453333e-02 8.973941966642003457e-03 1.613670802072670468e-02
2.600000000000000000e+03 -8.732059703256534952e-03 1.003363887139584014e-02 1.628172643651103549e-02
2.740000000000000000e+03 -1.396690139715332096e-02 6.709382434975979560e-03 1.317149797407663088e-02
2.880000000000000000e+03 -6.251745263532906827e-03 1.428230229129201848e-02 2.049872190026419058e-02
3.020000000000000000e+03 -1.968646594332166492e-03 1.802318199614902708e-02 2.391860897551340362e-02
3.160000000000000000e+03 3.871875704942244218e-03 2.458172818011415336e-02 3.049777845848224145e-02
3.300000000000000000e+03 -3.606680262949726792e-04 2.080272632936569152e-02 2.700865881571939617e-02
3.440000000000000000e+03 -2.597383084113613627e-04 2.208226763069623053e-02 2.843121554651830904e-02
3.580000000000000000e+03 2.386741209812668924e-03 2.507942956226198034e-02 3.207328992240305460e-02
3.720000000000000000e+03 1.582721703944448780e-03 2.556627545550462302e-02 3.320494206911892704e-02
3.860000000000000000e+03 -5.290483297924592453e-03 1.625268554781611821e-02 2.428450106913478818e-02
