8.000000000000000000e+01 -3.162672397272955210e-02 -3.112920088852676181e-02 -2.779382055236141388e-02
2.200000000000000000e+02 -2.927002742144765857e-02 -2.807720051782544579e-02 -2.476756488520518232e-02
3.600000000000000000e+02 -3.077472003573650250e-02 -2.859649087560140607e-02 -2.505418743190433034e-02
5.000000000000000000e+02 -3.363178450867972125e-02 -2.880215188945954574e-02 -2.498791965718898805e-02
6.400000000000000000e+02 -3.213022389847870058e-02 -2.655705764103818978e-02 -2.268784675582959445e-02
7.800000000000000000e+02 -2.672613201617156029e-02 -2.160589686181184355e-02 -1.796440199766009480e-02
9.200000000000000000e+02 -3.635283861004070388e-02 -2.890362060387740087e-02 -2.481169012789492118e-02
1.060000000000000000e+03 -3.014823705492202313e-02 -2.226160764357039065e-02 -1.833057456841040780e-02
1.200000000000000000e+03 -2.645778063157035870e-02 -1.895094977381057283e-02 -1.525945865924708232e-02
1.340000000000000000e+03 -2.474715283296356760e-02 -1.562725235383145839e-02 -1.163829247512477433e-02
1.480000000000000000e+03 -2.083653625860878641e-02 -9.801648564389121854e-03 -5.290934782936469738e-03
1.620000000000000000e+03 -1.603901996481811240e-02 -7.424314112409709579e-03 -3.882960330352674006e-03
1.760000000000000000e+03 -1.778797350505141595e-02 -8.011285098142164468e-03 -4.162226004004349576e-03
1.900000000000000000e+03 -1.571331694212763086e-02 -5.430093443370693010e-03 -1.521518308962239172e-03
2.040000000000000000e+03 -1.207139509325722872e-02 -4.326256269656054108e-03 -1.023266522581605482e-03
2.180000000000000000e+03 -9.454067116167230375e-03 8.162746644878482883e-04 4.749321427491683470e-03
2.320000000000000000e+03 -8.156263393965734949e-05 9.311622934627446918e-03 1.229312377973327576e-02
2.460000000000000000e+03 -1.986156740498378100e-03 5.222246438259591644e-03 8.202218496560031644e-03
2.600000000000000000e+03 -7.227149648379447774e-03 3.479587670317934971e-03 7.258130865765690699e-03
2.740000000000000000e+03 -6.766565000195898412e-03 2.930352822695201677e-03 6.107085213438799565e-03
2.880000000000000000e+03 -1.137586862914514258e-03 9.865074626724656265e-03 1.273683946427358639e-02
3.020000000000000000e+03 6.541246874764629782e-04 1.094503658681452926e-02 1.385299531125453246e-02
3.160000000000000000e+03 3.293318642412721700e-04 8.881888549337055988e-03 1.135753777600645616e-02
3.300000000000000000e+03 5.542915836215096120e-03 1.383365852705595138e-02 1.637842851494646090e-02
3.440000000000000000e+03 4.773504904079110649e-03 1.560462440401590330e-02 1.830663840763172359e-02
3.580000000000000000e+03 1.867043155988128318e-03 1.473222950388019745e-02 1.881407725663852490e-02
3.720000000000000000e+03 -7.531183568113760350e-03 5.981386572282650950e-03 1.066059707041612514e-02
3.860000000000000000e+03 8.829014342626416434e-03 2.139019804474776715e-02 2.608467704020498573e-02
