2.000000000000000000e+01 -1.002753577530053564e+00
4.000000000000000000e+01 -2.910199442617850796e+00
6.000000000000000000e+01 -4.817645307705648250e+00
8.000000000000000000e+01 -4.470796873273886973e+00
1.000000000000000000e+02 -4.123948438842125697e+00
1.200000000000000000e+02 -3.848594896599602411e+00
1.400000000000000000e+02 -3.644736246546317560e+00
1.600000000000000000e+02 -3.440877596493032264e+00
1.800000000000000000e+02 -3.334280166450214633e+00
2.000000000000000000e+02 -3.227682736407397002e+00
2.200000000000000000e+02 -3.138383292902191091e+00
2.400000000000000000e+02 -3.066381835934596900e+00
2.600000000000000000e+02 -2.994380378967002709e+00
2.800000000000000000e+02 -2.892184535152944491e+00
3.000000000000000000e+02 -2.789988691338886273e+00
3.200000000000000000e+02 -2.687332565837676768e+00
3.400000000000000000e+02 -2.584216158649315975e+00
3.600000000000000000e+02 -2.481099751460954739e+00
3.800000000000000000e+02 -2.385819318268373568e+00
4.000000000000000000e+02 -2.290538885075792841e+00
4.200000000000000000e+02 -2.203651018659973371e+00
4.400000000000000000e+02 -2.125155719020915157e+00
4.600000000000000000e+02 -2.046660419381857388e+00
4.800000000000000000e+02 -1.963567674283256626e+00
5.000000000000000000e+02 -1.880474929184655863e+00
5.200000000000000000e+02 -1.824791182644340592e+00
5.400000000000000000e+02 -1.769107436104025322e+00
5.600000000000000000e+02 -1.713423689563710051e+00
5.800000000000000000e+02 -1.657739943023394780e+00
6.000000000000000000e+02 -1.602056196483079509e+00
6.200000000000000000e+02 -1.546372449942764238e+00
6.400000000000000000e+02 -1.490688703402448967e+00
6.600000000000000000e+02 -1.435004956862133696e+00
6.800000000000000000e+02 -1.379321210321818425e+00
7.000000000000000000e+02 -1.339062386052707554e+00
7.200000000000000000e+02 -1.298803561783596461e+00
7.400000000000000000e+02 -1.258544737514485590e+00
7.600000000000000000e+02 -1.218285913245374497e+00
7.800000000000000000e+02 -1.178027088976263625e+00
8.000000000000000000e+02 -1.137768264707152532e+00
8.200000000000000000e+02 -1.097509440438041661e+00
8.400000000000000000e+02 -1.057250616168930568e+00
8.600000000000000000e+02 -1.016991791899819697e+00
8.800000000000000000e+02 -9.914007033022862458e-01
9.000000000000000000e+02 -9.658096147047526836e-01
9.200000000000000000e+02 -9.402185261072192324e-01
9.400000000000000000e+02 -9.146274375096856701e-01
9.600000000000000000e+02 -8.890363489121522189e-01
9.800000000000000000e+02 -8.634452603146186567e-01
1.000000000000000000e+03 -8.378541717170852055e-01
1.020000000000000000e+03 -8.122630831195516432e-01
1.040000000000000000e+03 -7.866719945220181920e-01
1.060000000000000000e+03 -7.642155366125471527e-01
1.080000000000000000e+03 -7.417590787030761135e-01
1.100000000000000000e+03 -7.193026207936051852e-01
1.120000000000000000e+03 -6.968461628841341460e-01
1.140000000000000000e+03 -6.743897049746631067e-01
1.160000000000000000e+03 -6.519332470651921785e-01
1.180000000000000000e+03 -6.294767891557211392e-01
1.200000000000000000e+03 -6.070203312462501000e-01
1.220000000000000000e+03 -5.845638733367790607e-01
1.240000000000000000e+03 -5.699214180540050911e-01
1.260000000000000000e+03 -5.552789627712310105e-01
1.280000000000000000e+03 -5.406365074884570410e-01
1.300000000000000000e+03 -5.259940522056830714e-01
1.320000000000000000e+03 -5.113515969229089908e-01
1.340000000000000000e+03 -4.967091416401350212e-01
1.360000000000000000e+03 -4.820666863573609962e-01
1.380000000000000000e+03 -4.674242310745870266e-01
1.400000000000000000e+03 -4.527817757918130015e-01
1.420000000000000000e+03 -4.402831153071154469e-01
1.440000000000000000e+03 -4.277844548224178922e-01
1.460000000000000000e+03 -4.152857943377203376e-01
1.480000000000000000e+03 -4.027871338530227829e-01
1.500000000000000000e+03 -3.902884733683252838e-01
1.520000000000000000e+03 -3.777898128836277292e-01
1.540000000000000000e+03 -3.652911523989301745e-01
1.560000000000000000e+03 -3.527924919142326199e-01
1.580000000000000000e+03 -3.402938314295350652e-01
1.600000000000000000e+03 -3.310987601932185997e-01
1.620000000000000000e+03 -3.219036889569021898e-01
1.640000000000000000e+03 -3.127086177205857243e-01
1.660000000000000000e+03 -3.035135464842693143e-01
1.680000000000000000e+03 -2.943184752479528488e-01
1.700000000000000000e+03 -2.851234040116364388e-01
1.720000000000000000e+03 -2.759283327753199733e-01
1.740000000000000000e+03 -2.667332615390035633e-01
1.760000000000000000e+03 -2.575381903026870978e-01
1.780000000000000000e+03 -2.503307907724545145e-01
1.800000000000000000e+03 -2.431233912422219590e-01
1.820000000000000000e+03 -2.359159917119893757e-01
1.840000000000000000e+03 -2.287085921817567924e-01
1.860000000000000000e+03 -2.215011926515242369e-01
1.880000000000000000e+03 -2.142937931212916536e-01
1.900000000000000000e+03 -2.070863935910590703e-01
1.920000000000000000e+03 -1.998789940608265148e-01
1.940000000000000000e+03 -1.926715945305939315e-01
1.960000000000000000e+03 -1.876182581010266970e-01
1.980000000000000000e+03 -1.825649216714594625e-01
2.000000000000000000e+03 -1.775115852418922280e-01
2.020000000000000000e+03 -1.724582488123249935e-01
2.040000000000000000e+03 -1.674049123827577590e-01
2.060000000000000000e+03 -1.623515759531905245e-01
2.080000000000000000e+03 -1.572982395236232900e-01
2.100000000000000000e+03 -1.522449030940560555e-01
2.120000000000000000e+03 -1.471915666644888210e-01
2.140000000000000000e+03 -1.412749857155120858e-01
2.160000000000000000e+03 -1.353584047665353229e-01
2.180000000000000000e+03 -1.294418238175585878e-01
2.200000000000000000e+03 -1.235252428685818388e-01
2.220000000000000000e+03 -1.176086619196050898e-01
2.240000000000000000e+03 -1.116920809706283546e-01
2.260000000000000000e+03 -1.057755000216515917e-01
2.280000000000000000e+03 -9.985891907267485657e-02
2.300000000000000000e+03 -9.394233812369810754e-02
2.320000000000000000e+03 -9.165726572374953418e-02
2.340000000000000000e+03 -8.937219332380094694e-02
2.360000000000000000e+03 -8.708712092385237358e-02
2.380000000000000000e+03 -8.480204852390378634e-02
2.400000000000000000e+03 -8.251697612395521297e-02
2.420000000000000000e+03 -8.023190372400662573e-02
2.440000000000000000e+03 -7.794683132405805237e-02
2.460000000000000000e+03 -7.566175892410947901e-02
2.480000000000000000e+03 -7.337668652416089177e-02
2.500000000000000000e+03 -6.928880245223709156e-02
2.520000000000000000e+03 -6.520091838031329134e-02
2.540000000000000000e+03 -6.111303430838949807e-02
2.560000000000000000e+03 -5.702515023646570480e-02
2.580000000000000000e+03 -5.293726616454190459e-02
2.600000000000000000e+03 -4.884938209261810438e-02
2.620000000000000000e+03 -4.476149802069431111e-02
2.640000000000000000e+03 -4.067361394877051090e-02
2.660000000000000000e+03 -3.658572987684671762e-02
2.680000000000000000e+03 -3.545120607315814520e-02
2.700000000000000000e+03 -3.431668226946956585e-02
2.720000000000000000e+03 -3.318215846578099343e-02
2.740000000000000000e+03 -3.204763466209242101e-02
2.760000000000000000e+03 -3.091311085840384512e-02
2.780000000000000000e+03 -2.977858705471527270e-02
2.800000000000000000e+03 -2.864406325102669681e-02
2.820000000000000000e+03 -2.750953944733812440e-02
2.840000000000000000e+03 -2.637501564364954851e-02
2.860000000000000000e+03 -2.397987417311711264e-02
2.880000000000000000e+03 -2.158473270258467330e-02
2.900000000000000000e+03 -1.918959123205223744e-02
2.920000000000000000e+03 -1.679444976151980157e-02
2.940000000000000000e+03 -1.439930829098736570e-02
2.960000000000000000e+03 -1.200416682045492983e-02
2.980000000000000000e+03 -9.609025349922493964e-03
3.000000000000000000e+03 -7.213883879390054626e-03
3.020000000000000000e+03 -4.818742408857618759e-03
3.040000000000000000e+03 -3.995021940478683288e-03
3.060000000000000000e+03 -3.171301472099745215e-03
3.080000000000000000e+03 -2.347581003720808010e-03
3.100000000000000000e+03 -1.523860535341870371e-03
3.120000000000000000e+03 -7.001400669629327320e-04
3.140000000000000000e+03 1.235804014160044734e-04
3.160000000000000000e+03 9.473008697949425461e-04
3.180000000000000000e+03 1.771021338173879751e-03
3.200000000000000000e+03 2.594741806552817824e-03
3.220000000000000000e+03 2.523644918383619821e-03
3.240000000000000000e+03 2.452548030214422685e-03
3.260000000000000000e+03 2.381451142045225115e-03
3.280000000000000000e+03 2.310354253876027979e-03
3.300000000000000000e+03 2.239257365706830843e-03
3.320000000000000000e+03 2.168160477537633708e-03
3.340000000000000000e+03 2.097063589368436572e-03
3.360000000000000000e+03 2.025966701199239002e-03
3.380000000000000000e+03 1.954869813030041866e-03
3.400000000000000000e+03 1.680470913611978919e-03
3.420000000000000000e+03 1.406072014193915972e-03
3.440000000000000000e+03 1.131673114775853242e-03
3.460000000000000000e+03 8.572742153577902948e-04
3.480000000000000000e+03 5.828753159397273478e-04
