2.000000000000000000e+01 -1.695861969265831659e+00
4.000000000000000000e+01 -1.423624962301982766e+00
6.000000000000000000e+01 -1.151387955338133873e+00
8.000000000000000000e+01 -1.064672477622745417e+00
1.000000000000000000e+02 -9.779569999073570719e-01
1.200000000000000000e+02 -9.611187035122435995e-01
1.400000000000000000e+02 -1.014157588437405000e+00
1.600000000000000000e+02 -1.067196473362566511e+00
1.800000000000000000e+02 -1.108171726587593664e+00
2.000000000000000000e+02 -1.149146979812621039e+00
2.200000000000000000e+02 -1.208198504530254125e+00
2.400000000000000000e+02 -1.285326300740492922e+00
2.600000000000000000e+02 -1.362454096950731941e+00
2.800000000000000000e+02 -1.380431674007150944e+00
3.000000000000000000e+02 -1.398409251063569947e+00
3.200000000000000000e+02 -1.443666443151026213e+00
3.400000000000000000e+02 -1.516203250269519742e+00
3.600000000000000000e+02 -1.588740057388013271e+00
3.800000000000000000e+02 -1.563884818976929214e+00
4.000000000000000000e+02 -1.539029580565845157e+00
4.200000000000000000e+02 -1.518680042291507659e+00
4.400000000000000000e+02 -1.502836204153916722e+00
4.600000000000000000e+02 -1.486992366016326006e+00
4.800000000000000000e+02 -1.519433692796900992e+00
5.000000000000000000e+02 -1.551875019577475978e+00
5.200000000000000000e+02 -1.561334560956275208e+00
5.400000000000000000e+02 -1.570794102335074438e+00
5.600000000000000000e+02 -1.580253643713873668e+00
5.800000000000000000e+02 -1.589713185092672898e+00
6.000000000000000000e+02 -1.599172726471472128e+00
6.200000000000000000e+02 -1.608632267850271358e+00
6.400000000000000000e+02 -1.618091809229070588e+00
6.600000000000000000e+02 -1.627551350607869818e+00
6.800000000000000000e+02 -1.637010891986669048e+00
7.000000000000000000e+02 -1.625042695621499389e+00
7.200000000000000000e+02 -1.613074499256329730e+00
7.400000000000000000e+02 -1.601106302891160071e+00
7.600000000000000000e+02 -1.589138106525990413e+00
7.800000000000000000e+02 -1.577169910160820976e+00
8.000000000000000000e+02 -1.565201713795651317e+00
8.200000000000000000e+02 -1.553233517430481658e+00
8.400000000000000000e+02 -1.541265321065312000e+00
8.600000000000000000e+02 -1.529297124700142341e+00
8.800000000000000000e+02 -1.530995053302161235e+00
9.000000000000000000e+02 -1.532692981904180130e+00
9.200000000000000000e+02 -1.534390910506199024e+00
9.400000000000000000e+02 -1.536088839108217918e+00
9.600000000000000000e+02 -1.537786767710236591e+00
9.800000000000000000e+02 -1.539484696312255485e+00
1.000000000000000000e+03 -1.541182624914274379e+00
1.020000000000000000e+03 -1.542880553516293274e+00
1.040000000000000000e+03 -1.544578482118312168e+00
1.060000000000000000e+03 -1.548316222523385521e+00
1.080000000000000000e+03 -1.552053962928459097e+00
1.100000000000000000e+03 -1.555791703333532450e+00
1.120000000000000000e+03 -1.559529443738605803e+00
1.140000000000000000e+03 -1.563267184143679378e+00
1.160000000000000000e+03 -1.567004924548752731e+00
1.180000000000000000e+03 -1.570742664953826084e+00
1.200000000000000000e+03 -1.574480405358899660e+00
1.220000000000000000e+03 -1.578218145763973013e+00
1.240000000000000000e+03 -1.563505432075912749e+00
1.260000000000000000e+03 -1.548792718387852263e+00
1.280000000000000000e+03 -1.534080004699791999e+00
1.300000000000000000e+03 -1.519367291011731735e+00
1.320000000000000000e+03 -1.504654577323671250e+00
1.340000000000000000e+03 -1.489941863635610986e+00
1.360000000000000000e+03 -1.475229149947550722e+00
1.380000000000000000e+03 -1.460516436259490236e+00
1.400000000000000000e+03 -1.445803722571429972e+00
1.420000000000000000e+03 -1.405787467888597098e+00
1.440000000000000000e+03 -1.365771213205764223e+00
1.460000000000000000e+03 -1.325754958522931348e+00
1.480000000000000000e+03 -1.285738703840098474e+00
1.500000000000000000e+03 -1.245722449157265599e+00
1.520000000000000000e+03 -1.205706194474432724e+00
1.540000000000000000e+03 -1.165689939791599850e+00
1.560000000000000000e+03 -1.125673685108766975e+00
1.580000000000000000e+03 -1.085657430425934100e+00
1.600000000000000000e+03 -1.059629308326233144e+00
1.620000000000000000e+03 -1.033601186226532409e+00
1.640000000000000000e+03 -1.007573064126831452e+00
1.660000000000000000e+03 -9.815449420271306069e-01
1.680000000000000000e+03 -9.555168199274297613e-01
1.700000000000000000e+03 -9.294886978277288048e-01
1.720000000000000000e+03 -9.034605757280279592e-01
1.740000000000000000e+03 -8.774324536283271136e-01
1.760000000000000000e+03 -8.514043315286261571e-01
1.780000000000000000e+03 -8.330253247083054813e-01
1.800000000000000000e+03 -8.146463178879848055e-01
1.820000000000000000e+03 -7.962673110676640187e-01
1.840000000000000000e+03 -7.778883042473433429e-01
1.860000000000000000e+03 -7.595092974270226671e-01
1.880000000000000000e+03 -7.411302906067019913e-01
1.900000000000000000e+03 -7.227512837863812045e-01
1.920000000000000000e+03 -7.043722769660605287e-01
1.940000000000000000e+03 -6.859932701457398529e-01
1.960000000000000000e+03 -6.882107589517971746e-01
1.980000000000000000e+03 -6.904282477578544963e-01
2.000000000000000000e+03 -6.926457365639118180e-01
2.020000000000000000e+03 -6.948632253699691397e-01
2.040000000000000000e+03 -6.970807141760265724e-01
2.060000000000000000e+03 -6.992982029820838941e-01
2.080000000000000000e+03 -7.015156917881412157e-01
2.100000000000000000e+03 -7.037331805941985374e-01
2.120000000000000000e+03 -7.059506694002558591e-01
2.140000000000000000e+03 -6.734192274913992637e-01
2.160000000000000000e+03 -6.408877855825427794e-01
2.180000000000000000e+03 -6.083563436736861840e-01
2.200000000000000000e+03 -5.758249017648295887e-01
2.220000000000000000e+03 -5.432934598559729933e-01
2.240000000000000000e+03 -5.107620179471163979e-01
2.260000000000000000e+03 -4.782305760382598581e-01
2.280000000000000000e+03 -4.456991341294033182e-01
2.300000000000000000e+03 -4.131676922205467228e-01
2.320000000000000000e+03 -3.776726160119129871e-01
2.340000000000000000e+03 -3.421775398032792515e-01
2.360000000000000000e+03 -3.066824635946455713e-01
2.380000000000000000e+03 -2.711873873860117801e-01
2.400000000000000000e+03 -2.356923111773780721e-01
2.420000000000000000e+03 -2.001972349687443642e-01
2.440000000000000000e+03 -1.647021587601106285e-01
2.460000000000000000e+03 -1.292070825514768928e-01
2.480000000000000000e+03 -9.371200634284315711e-02
2.500000000000000000e+03 -5.810164366780042750e-02
2.520000000000000000e+03 -2.249128099275768400e-02
2.540000000000000000e+03 1.311908168228506644e-02
2.560000000000000000e+03 4.872944435732780299e-02
2.580000000000000000e+03 8.433980703237055343e-02
2.600000000000000000e+03 1.199501697074133039e-01
2.620000000000000000e+03 1.555605323824560404e-01
2.640000000000000000e+03 1.911708950574987909e-01
2.660000000000000000e+03 2.267812577325415413e-01
2.680000000000000000e+03 2.475839348125292994e-01
2.700000000000000000e+03 2.683866118925170574e-01
2.720000000000000000e+03 2.891892889725048432e-01
2.740000000000000000e+03 3.099919660524925735e-01
2.760000000000000000e+03 3.307946431324803593e-01
2.780000000000000000e+03 3.515973202124681452e-01
2.800000000000000000e+03 3.723999972924558755e-01
2.820000000000000000e+03 3.932026743724436613e-01
2.840000000000000000e+03 4.140053514524314471e-01
2.860000000000000000e+03 4.573344746875132594e-01
2.880000000000000000e+03 5.006635979225950717e-01
2.900000000000000000e+03 5.439927211576769395e-01
2.920000000000000000e+03 5.873218443927586963e-01
2.940000000000000000e+03 6.306509676278405641e-01
2.960000000000000000e+03 6.739800908629223208e-01
2.980000000000000000e+03 7.173092140980041886e-01
3.000000000000000000e+03 7.606383373330859454e-01
3.020000000000000000e+03 8.039674605681678132e-01
3.040000000000000000e+03 8.296286417729181739e-01
3.060000000000000000e+03 8.552898229776685346e-01
3.080000000000000000e+03 8.809510041824188953e-01
3.100000000000000000e+03 9.066121853871692560e-01
3.120000000000000000e+03 9.322733665919196167e-01
3.140000000000000000e+03 9.579345477966699773e-01
3.160000000000000000e+03 9.835957290014203380e-01
3.180000000000000000e+03 1.009256910206170588e+00
3.200000000000000000e+03 1.034918091410921059e+00
3.220000000000000000e+03 1.085266518754893994e+00
3.240000000000000000e+03 1.135614946098866707e+00
3.260000000000000000e+03 1.185963373442839641e+00
3.280000000000000000e+03 1.236311800786812576e+00
3.300000000000000000e+03 1.286660228130785288e+00
3.320000000000000000e+03 1.337008655474758223e+00
3.340000000000000000e+03 1.387357082818731158e+00
3.360000000000000000e+03 1.437705510162703870e+00
3.380000000000000000e+03 1.488053937506676805e+00
3.400000000000000000e+03 1.487256540318553144e+00
3.420000000000000000e+03 1.486459143130429483e+00
3.440000000000000000e+03 1.485661745942305823e+00
3.460000000000000000e+03 1.484864348754182162e+00
3.480000000000000000e+03 1.484066951566058723e+00
