2.000000000000000000e+01 -6.349482552375973476e+00
4.000000000000000000e+01 -5.284607047066835150e+00
6.000000000000000000e+01 -4.219731541757696824e+00
8.000000000000000000e+01 -3.995474970535334958e+00
1.000000000000000000e+02 -3.771218399312973091e+00
1.200000000000000000e+02 -3.635973112705665589e+00
1.400000000000000000e+02 -3.589739110713412451e+00
1.600000000000000000e+02 -3.543505108721159313e+00
1.800000000000000000e+02 -3.487393172763601612e+00
2.000000000000000000e+02 -3.431281236806043911e+00
2.200000000000000000e+02 -3.399386413654689409e+00
2.400000000000000000e+02 -3.391708703309537221e+00
2.600000000000000000e+02 -3.384030992964385476e+00
2.800000000000000000e+02 -3.382511304868016211e+00
3.000000000000000000e+02 -3.380991616771646502e+00
3.200000000000000000e+02 -3.359387492261423969e+00
3.400000000000000000e+02 -3.317698931337348167e+00
3.600000000000000000e+02 -3.276010370413272366e+00
3.800000000000000000e+02 -3.245244631912690636e+00
4.000000000000000000e+02 -3.214478893412108906e+00
4.200000000000000000e+02 -3.203132067609701039e+00
4.400000000000000000e+02 -3.211204154505467923e+00
4.600000000000000000e+02 -3.219276241401234362e+00
4.800000000000000000e+02 -3.187994864999314615e+00
5.000000000000000000e+02 -3.156713488597394424e+00
5.200000000000000000e+02 -3.155277422484870087e+00
5.400000000000000000e+02 -3.153841356372345750e+00
5.600000000000000000e+02 -3.152405290259820969e+00
5.800000000000000000e+02 -3.150969224147296632e+00
6.000000000000000000e+02 -3.149533158034772296e+00
6.200000000000000000e+02 -3.148097091922247959e+00
6.400000000000000000e+02 -3.146661025809723178e+00
6.600000000000000000e+02 -3.145224959697198841e+00
6.800000000000000000e+02 -3.143788893584674504e+00
7.000000000000000000e+02 -3.128448838907476492e+00
7.200000000000000000e+02 -3.113108784230278037e+00
7.400000000000000000e+02 -3.097768729553080025e+00
7.600000000000000000e+02 -3.082428674875882013e+00
7.800000000000000000e+02 -3.067088620198683557e+00
8.000000000000000000e+02 -3.051748565521485546e+00
8.200000000000000000e+02 -3.036408510844287534e+00
8.400000000000000000e+02 -3.021068456167089078e+00
8.600000000000000000e+02 -3.005728401489891066e+00
8.800000000000000000e+02 -3.014673737918484697e+00
9.000000000000000000e+02 -3.023619074347078772e+00
9.200000000000000000e+02 -3.032564410775672403e+00
9.400000000000000000e+02 -3.041509747204266478e+00
9.600000000000000000e+02 -3.050455083632860109e+00
9.800000000000000000e+02 -3.059400420061454184e+00
1.000000000000000000e+03 -3.068345756490047815e+00
1.020000000000000000e+03 -3.077291092918641890e+00
1.040000000000000000e+03 -3.086236429347235521e+00
1.060000000000000000e+03 -3.054030819974999034e+00
1.080000000000000000e+03 -3.021825210602762990e+00
1.100000000000000000e+03 -2.989619601230526502e+00
1.120000000000000000e+03 -2.957413991858290014e+00
1.140000000000000000e+03 -2.925208382486053971e+00
1.160000000000000000e+03 -2.893002773113817483e+00
1.180000000000000000e+03 -2.860797163741580995e+00
1.200000000000000000e+03 -2.828591554369344951e+00
1.220000000000000000e+03 -2.796385944997108464e+00
1.240000000000000000e+03 -2.728715188979413675e+00
1.260000000000000000e+03 -2.661044432961718886e+00
1.280000000000000000e+03 -2.593373676944024542e+00
1.300000000000000000e+03 -2.525702920926329753e+00
1.320000000000000000e+03 -2.458032164908634964e+00
1.340000000000000000e+03 -2.390361408890940176e+00
1.360000000000000000e+03 -2.322690652873245831e+00
1.380000000000000000e+03 -2.255019896855551043e+00
1.400000000000000000e+03 -2.187349140837856254e+00
1.420000000000000000e+03 -2.179295967593424699e+00
1.440000000000000000e+03 -2.171242794348992700e+00
1.460000000000000000e+03 -2.163189621104561144e+00
1.480000000000000000e+03 -2.155136447860129589e+00
1.500000000000000000e+03 -2.147083274615697590e+00
1.520000000000000000e+03 -2.139030101371266035e+00
1.540000000000000000e+03 -2.130976928126834480e+00
1.560000000000000000e+03 -2.122923754882402481e+00
1.580000000000000000e+03 -2.114870581637970925e+00
1.600000000000000000e+03 -2.102506424518347572e+00
1.620000000000000000e+03 -2.090142267398723774e+00
1.640000000000000000e+03 -2.077778110279100421e+00
1.660000000000000000e+03 -2.065413953159476623e+00
1.680000000000000000e+03 -2.053049796039853270e+00
1.700000000000000000e+03 -2.040685638920229472e+00
1.720000000000000000e+03 -2.028321481800606119e+00
1.740000000000000000e+03 -2.015957324680982321e+00
1.760000000000000000e+03 -2.003593167561358968e+00
1.780000000000000000e+03 -1.963205515325524564e+00
1.800000000000000000e+03 -1.922817863089689938e+00
1.820000000000000000e+03 -1.882430210853855534e+00
1.840000000000000000e+03 -1.842042558618020909e+00
1.860000000000000000e+03 -1.801654906382186505e+00
1.880000000000000000e+03 -1.761267254146351879e+00
1.900000000000000000e+03 -1.720879601910517476e+00
1.920000000000000000e+03 -1.680491949674682850e+00
1.940000000000000000e+03 -1.640104297438848446e+00
1.960000000000000000e+03 -1.605790765996993885e+00
1.980000000000000000e+03 -1.571477234555139546e+00
2.000000000000000000e+03 -1.537163703113284985e+00
2.020000000000000000e+03 -1.502850171671430424e+00
2.040000000000000000e+03 -1.468536640229576085e+00
2.060000000000000000e+03 -1.434223108787721523e+00
2.080000000000000000e+03 -1.399909577345866962e+00
2.100000000000000000e+03 -1.365596045904012623e+00
2.120000000000000000e+03 -1.331282514462158062e+00
2.140000000000000000e+03 -1.279075884783715367e+00
2.160000000000000000e+03 -1.226869255105272671e+00
2.180000000000000000e+03 -1.174662625426829976e+00
2.200000000000000000e+03 -1.122455995748387059e+00
2.220000000000000000e+03 -1.070249366069944363e+00
2.240000000000000000e+03 -1.018042736391501668e+00
2.260000000000000000e+03 -9.658361067130589728e-01
2.280000000000000000e+03 -9.136294770346161664e-01
2.300000000000000000e+03 -8.614228473561734711e-01
2.320000000000000000e+03 -8.617643462542912136e-01
2.340000000000000000e+03 -8.621058451524090671e-01
2.360000000000000000e+03 -8.624473440505268096e-01
2.380000000000000000e+03 -8.627888429486445521e-01
2.400000000000000000e+03 -8.631303418467624056e-01
2.420000000000000000e+03 -8.634718407448801480e-01
2.440000000000000000e+03 -8.638133396429978905e-01
2.460000000000000000e+03 -8.641548385411157440e-01
2.480000000000000000e+03 -8.644963374392334865e-01
2.500000000000000000e+03 -8.216729784855187901e-01
2.520000000000000000e+03 -7.788496195318040938e-01
2.540000000000000000e+03 -7.360262605780893974e-01
2.560000000000000000e+03 -6.932029016243747011e-01
2.580000000000000000e+03 -6.503795426706600047e-01
2.600000000000000000e+03 -6.075561837169451973e-01
2.620000000000000000e+03 -5.647328247632306120e-01
2.640000000000000000e+03 -5.219094658095158046e-01
2.660000000000000000e+03 -4.790861068558011637e-01
2.680000000000000000e+03 -4.676269108065420066e-01
2.700000000000000000e+03 -4.561677147572828495e-01
2.720000000000000000e+03 -4.447085187080236368e-01
2.740000000000000000e+03 -4.332493226587644797e-01
2.760000000000000000e+03 -4.217901266095053225e-01
2.780000000000000000e+03 -4.103309305602461654e-01
2.800000000000000000e+03 -3.988717345109870083e-01
2.820000000000000000e+03 -3.874125384617277956e-01
2.840000000000000000e+03 -3.759533424124686385e-01
2.860000000000000000e+03 -3.442016031645762641e-01
2.880000000000000000e+03 -3.124498639166838898e-01
2.900000000000000000e+03 -2.806981246687915155e-01
2.920000000000000000e+03 -2.489463854208991134e-01
2.940000000000000000e+03 -2.171946461730067390e-01
2.960000000000000000e+03 -1.854429069251143369e-01
2.980000000000000000e+03 -1.536911676772219626e-01
3.000000000000000000e+03 -1.219394284293295883e-01
3.020000000000000000e+03 -9.018768918143721391e-02
3.040000000000000000e+03 -8.129353749617963809e-02
3.060000000000000000e+03 -7.239938581092206227e-02
3.080000000000000000e+03 -6.350523412566450032e-02
3.100000000000000000e+03 -5.461108244040693838e-02
3.120000000000000000e+03 -4.571693075514937643e-02
3.140000000000000000e+03 -3.682277906989181449e-02
3.160000000000000000e+03 -2.792862738463424560e-02
3.180000000000000000e+03 -1.903447569937667672e-02
3.200000000000000000e+03 -1.014032401411911477e-02
3.220000000000000000e+03 5.155236854080065892e-03
3.240000000000000000e+03 2.045079772227924308e-02
3.260000000000000000e+03 3.574635859047842201e-02
3.280000000000000000e+03 5.104191945867759400e-02
3.300000000000000000e+03 6.633748032687676599e-02
3.320000000000000000e+03 8.163304119507594492e-02
3.340000000000000000e+03 9.692860206327512385e-02
3.360000000000000000e+03 1.122241629314742889e-01
3.380000000000000000e+03 1.275197237996734956e-01
3.400000000000000000e+03 1.140704331071583644e-01
3.420000000000000000e+03 1.006211424146432470e-01
3.440000000000000000e+03 8.717185172212811584e-02
3.460000000000000000e+03 7.372256102961299851e-02
3.480000000000000000e+03 6.027327033709786730e-02
