2.000000000000000000e+01 -6.256554832971134017e-01
4.000000000000000000e+01 -7.411209477407769697e-01
6.000000000000000000e+01 -8.565864121844406487e-01
8.000000000000000000e+01 -8.035580431528364098e-01
1.000000000000000000e+02 -7.505296741212322820e-01
1.200000000000000000e+02 -7.389245648212539042e-01
1.400000000000000000e+02 -7.687427152529013874e-01
1.600000000000000000e+02 -7.985608656845488706e-01
1.800000000000000000e+02 -8.366207509470202641e-01
2.000000000000000000e+02 -8.746806362094915466e-01
2.200000000000000000e+02 -9.255267234642979846e-01
2.400000000000000000e+02 -9.891590127114395781e-01
2.600000000000000000e+02 -1.052791301958581061e+00
2.800000000000000000e+02 -1.097872738100535983e+00
3.000000000000000000e+02 -1.142954174242490906e+00
3.200000000000000000e+02 -1.160255800296582152e+00
3.400000000000000000e+02 -1.149777616262809499e+00
3.600000000000000000e+02 -1.139299432229036846e+00
3.800000000000000000e+02 -1.104135127687565499e+00
4.000000000000000000e+02 -1.068970823146094151e+00
4.200000000000000000e+02 -1.030420429025497242e+00
4.400000000000000000e+02 -9.884839453257748820e-01
4.600000000000000000e+02 -9.465474616260526330e-01
4.800000000000000000e+02 -9.449874305130192553e-01
5.000000000000000000e+02 -9.434273993999858776e-01
5.200000000000000000e+02 -9.350833497565318453e-01
5.400000000000000000e+02 -9.267393001130778130e-01
5.600000000000000000e+02 -9.183952504696237806e-01
5.800000000000000000e+02 -9.100512008261697483e-01
6.000000000000000000e+02 -9.017071511827156050e-01
6.200000000000000000e+02 -8.933631015392615726e-01
6.400000000000000000e+02 -8.850190518958075403e-01
6.600000000000000000e+02 -8.766750022523535080e-01
6.800000000000000000e+02 -8.683309526088994756e-01
7.000000000000000000e+02 -8.546852406278326875e-01
7.200000000000000000e+02 -8.410395286467658993e-01
7.400000000000000000e+02 -8.273938166656991111e-01
7.600000000000000000e+02 -8.137481046846323229e-01
7.800000000000000000e+02 -8.001023927035655348e-01
8.000000000000000000e+02 -7.864566807224987466e-01
8.200000000000000000e+02 -7.728109687414319584e-01
8.400000000000000000e+02 -7.591652567603651702e-01
8.600000000000000000e+02 -7.455195447792983821e-01
8.800000000000000000e+02 -7.439696353975174814e-01
9.000000000000000000e+02 -7.424197260157364697e-01
9.200000000000000000e+02 -7.408698166339555691e-01
9.400000000000000000e+02 -7.393199072521746684e-01
9.600000000000000000e+02 -7.377699978703936567e-01
9.800000000000000000e+02 -7.362200884886127561e-01
1.000000000000000000e+03 -7.346701791068318554e-01
1.020000000000000000e+03 -7.331202697250508438e-01
1.040000000000000000e+03 -7.315703603432699431e-01
1.060000000000000000e+03 -7.249725442446336432e-01
1.080000000000000000e+03 -7.183747281459972323e-01
1.100000000000000000e+03 -7.117769120473609323e-01
1.120000000000000000e+03 -7.051790959487245214e-01
1.140000000000000000e+03 -6.985812798500882215e-01
1.160000000000000000e+03 -6.919834637514518105e-01
1.180000000000000000e+03 -6.853856476528155106e-01
1.200000000000000000e+03 -6.787878315541790997e-01
1.220000000000000000e+03 -6.721900154555427997e-01
1.240000000000000000e+03 -6.583520927652559696e-01
1.260000000000000000e+03 -6.445141700749691394e-01
1.280000000000000000e+03 -6.306762473846823092e-01
1.300000000000000000e+03 -6.168383246943954790e-01
1.320000000000000000e+03 -6.030004020041086488e-01
1.340000000000000000e+03 -5.891624793138218186e-01
1.360000000000000000e+03 -5.753245566235349884e-01
1.380000000000000000e+03 -5.614866339332481582e-01
1.400000000000000000e+03 -5.476487112429613280e-01
1.420000000000000000e+03 -5.374770265558944660e-01
1.440000000000000000e+03 -5.273053418688276039e-01
1.460000000000000000e+03 -5.171336571817607419e-01
1.480000000000000000e+03 -5.069619724946938799e-01
1.500000000000000000e+03 -4.967902878076269624e-01
1.520000000000000000e+03 -4.866186031205601004e-01
1.540000000000000000e+03 -4.764469184334932383e-01
1.560000000000000000e+03 -4.662752337464263763e-01
1.580000000000000000e+03 -4.561035490593595143e-01
1.600000000000000000e+03 -4.439573864484790966e-01
1.620000000000000000e+03 -4.318112238375986789e-01
1.640000000000000000e+03 -4.196650612267182612e-01
1.660000000000000000e+03 -4.075188986158378435e-01
1.680000000000000000e+03 -3.953727360049574258e-01
1.700000000000000000e+03 -3.832265733940770081e-01
1.720000000000000000e+03 -3.710804107831965903e-01
1.740000000000000000e+03 -3.589342481723161726e-01
1.760000000000000000e+03 -3.467880855614357549e-01
1.780000000000000000e+03 -3.374422797438252353e-01
1.800000000000000000e+03 -3.280964739262147156e-01
1.820000000000000000e+03 -3.187506681086041960e-01
1.840000000000000000e+03 -3.094048622909936763e-01
1.860000000000000000e+03 -3.000590564733831567e-01
1.880000000000000000e+03 -2.907132506557726370e-01
1.900000000000000000e+03 -2.813674448381621174e-01
1.920000000000000000e+03 -2.720216390205515977e-01
1.940000000000000000e+03 -2.626758332029410781e-01
1.960000000000000000e+03 -2.504544457702838622e-01
1.980000000000000000e+03 -2.382330583376265909e-01
2.000000000000000000e+03 -2.260116709049693751e-01
2.020000000000000000e+03 -2.137902834723121315e-01
2.040000000000000000e+03 -2.015688960396548879e-01
2.060000000000000000e+03 -1.893475086069976721e-01
2.080000000000000000e+03 -1.771261211743404007e-01
2.100000000000000000e+03 -1.649047337416831849e-01
2.120000000000000000e+03 -1.526833463090259413e-01
2.140000000000000000e+03 -1.454043260559405304e-01
2.160000000000000000e+03 -1.381253058028550917e-01
2.180000000000000000e+03 -1.308462855497696808e-01
2.200000000000000000e+03 -1.235672652966842699e-01
2.220000000000000000e+03 -1.162882450435988591e-01
2.240000000000000000e+03 -1.090092247905134343e-01
2.260000000000000000e+03 -1.017302045374280095e-01
2.280000000000000000e+03 -9.445118428434259861e-02
2.300000000000000000e+03 -8.717216403125717383e-02
2.320000000000000000e+03 -7.803867880553544412e-02
2.340000000000000000e+03 -6.890519357981371440e-02
2.360000000000000000e+03 -5.977170835409197774e-02
2.380000000000000000e+03 -5.063822312837024803e-02
2.400000000000000000e+03 -4.150473790264851831e-02
2.420000000000000000e+03 -3.237125267692678166e-02
2.440000000000000000e+03 -2.323776745120505194e-02
2.460000000000000000e+03 -1.410428222548332222e-02
2.480000000000000000e+03 -4.970796999761592505e-03
2.500000000000000000e+03 -3.730476893478928361e-03
2.520000000000000000e+03 -2.490156787196271156e-03
2.540000000000000000e+03 -1.249836680913613517e-03
2.560000000000000000e+03 -9.516574630956745051e-06
2.580000000000000000e+03 1.230803531651700894e-03
2.600000000000000000e+03 2.471123637934358533e-03
2.620000000000000000e+03 3.711443744217016172e-03
2.640000000000000000e+03 4.951763850499672076e-03
2.660000000000000000e+03 6.192083956782329715e-03
2.680000000000000000e+03 2.912591117969072843e-02
2.700000000000000000e+03 5.205973840259912194e-02
2.720000000000000000e+03 7.499356562550751892e-02
2.740000000000000000e+03 9.792739284841592284e-02
2.760000000000000000e+03 1.208612200713243129e-01
2.780000000000000000e+03 1.437950472942327029e-01
2.800000000000000000e+03 1.667288745171411068e-01
2.820000000000000000e+03 1.896627017400495108e-01
2.840000000000000000e+03 2.125965289629578869e-01
2.860000000000000000e+03 2.263090000905089161e-01
2.880000000000000000e+03 2.400214712180599452e-01
2.900000000000000000e+03 2.537339423456109744e-01
2.920000000000000000e+03 2.674464134731620035e-01
2.940000000000000000e+03 2.811588846007130327e-01
2.960000000000000000e+03 2.948713557282641173e-01
2.980000000000000000e+03 3.085838268558151465e-01
3.000000000000000000e+03 3.222962979833661756e-01
3.020000000000000000e+03 3.360087691109172048e-01
3.040000000000000000e+03 3.581531048004106266e-01
3.060000000000000000e+03 3.802974404899040484e-01
3.080000000000000000e+03 4.024417761793974702e-01
3.100000000000000000e+03 4.245861118688908920e-01
3.120000000000000000e+03 4.467304475583843137e-01
3.140000000000000000e+03 4.688747832478777355e-01
3.160000000000000000e+03 4.910191189373711573e-01
3.180000000000000000e+03 5.131634546268646346e-01
3.200000000000000000e+03 5.353077903163580009e-01
3.220000000000000000e+03 5.725271729954714006e-01
3.240000000000000000e+03 6.097465556745848003e-01
3.260000000000000000e+03 6.469659383536982000e-01
3.280000000000000000e+03 6.841853210328117108e-01
3.300000000000000000e+03 7.214047037119251105e-01
3.320000000000000000e+03 7.586240863910385102e-01
3.340000000000000000e+03 7.958434690701519099e-01
3.360000000000000000e+03 8.330628517492653096e-01
3.380000000000000000e+03 8.702822344283787093e-01
3.400000000000000000e+03 8.827497447780173756e-01
3.420000000000000000e+03 8.952172551276561530e-01
3.440000000000000000e+03 9.076847654772948193e-01
3.460000000000000000e+03 9.201522758269334856e-01
3.480000000000000000e+03 9.326197861765722630e-01
