2.000000000000000000e+01 -2.618275374246562340e-13
1.220512820512820582e+02 -1.096219836478811617e-16
2.241025641025641164e+02 -4.711957204284126681e-18
3.261538461538461888e+02 -7.706650038971906108e-19
4.282051282051282328e+02 -1.809249946592661795e-19
5.302564102564102768e+02 -6.380470610656497451e-20
6.323076923076923777e+02 -2.047756796239732211e-20
7.343589743589743648e+02 -8.604672601511854175e-21
8.364102564102564656e+02 -3.320978261389192641e-21
9.384615384615385665e+02 -2.059638665980667161e-21
1.040512820512820554e+03 -1.047321568185697087e-21
1.142564102564102541e+03 -7.071097863628116182e-22
1.244615384615384755e+03 -4.585740422612306103e-22
1.346666666666666742e+03 -2.505665259191957559e-22
1.448717948717948730e+03 -1.379262359795529815e-22
1.550769230769230944e+03 -8.348692401545426094e-23
1.652820512820512931e+03 -5.967312634034425022e-23
1.754871794871794918e+03 -3.791406376877450761e-23
1.856923076923077133e+03 -2.199995523506502547e-23
1.958974358974359120e+03 -1.887543785771619521e-23
2.061025641025641107e+03 -1.050316050863273356e-23
2.163076923076923322e+03 -8.081860769228573723e-24
2.265128205128205082e+03 -6.807209364590398926e-24
2.367179487179487296e+03 -3.905220003937706076e-24
2.469230769230769511e+03 -2.857167026149204317e-24
2.571282051282051270e+03 -1.968827549806300002e-24
2.673333333333333485e+03 -9.464061407731557133e-25
2.775384615384615699e+03 -9.654179117042047568e-25
2.877435897435897459e+03 -2.774184499512693146e-25
2.979487179487179674e+03 -1.453579272428115490e-25
3.081538461538461888e+03 -8.242705799815216774e-26
3.183589743589743648e+03 8.391335808322072800e-26
3.285641025641025863e+03 -1.012152656339919235e-25
3.387692307692308077e+03 6.495530873385196776e-27
3.489743589743589837e+03 1.489728622626998490e-26
3.591794871794872051e+03 -1.625317983733490513e-26
3.693846153846154266e+03 -4.972000104861892395e-26
3.795897435897436026e+03 -1.245040593919181309e-25
3.897948717948718240e+03 -3.117188512878028195e-26
4.000000000000000000e+03 -6.139283666289255722e-26
