2.000000000000000000e+01 -2.268892220602694596e-13
1.220512820512820582e+02 -8.015000302297561353e-17
2.241025641025641164e+02 -3.883347783087263982e-18
3.261538461538461888e+02 -5.328490169049288830e-19
4.282051282051282328e+02 -1.239840164037002558e-19
5.302564102564102768e+02 -3.708336559353565355e-20
6.323076923076923777e+02 -1.383415413254529659e-20
7.343589743589743648e+02 -5.729825677808454430e-21
8.364102564102564656e+02 -2.651552492184935031e-21
9.384615384615385665e+02 -1.491792853435890139e-21
1.040512820512820554e+03 -7.393530460123563554e-22
1.142564102564102541e+03 -4.135334347933964053e-22
1.244615384615384755e+03 -2.736302792870531500e-22
1.346666666666666742e+03 -1.376967814584453009e-22
1.448717948717948730e+03 -8.712084333538675467e-23
1.550769230769230944e+03 -5.974262055153079201e-23
1.652820512820512931e+03 -3.571819118363214829e-23
1.754871794871794918e+03 -2.583119764211073322e-23
1.856923076923077133e+03 -1.584105170125642710e-23
1.958974358974359120e+03 -8.813949866409473458e-24
2.061025641025641107e+03 -6.204378070796742646e-24
2.163076923076923322e+03 -4.039849194177850052e-24
2.265128205128205082e+03 -2.855546211014236880e-24
2.367179487179487296e+03 -1.950178883829156843e-24
2.469230769230769511e+03 -1.487569476715583359e-24
2.571282051282051270e+03 -1.006163228421944277e-24
2.673333333333333485e+03 -7.508797338726929039e-25
2.775384615384615699e+03 -5.259096378342853725e-25
2.877435897435897459e+03 -2.826014320444648648e-25
2.979487179487179674e+03 -1.270686029317635416e-25
3.081538461538461888e+03 -5.213651088626505156e-26
3.183589743589743648e+03 1.734915568845151022e-26
3.285641025641025863e+03 3.532558938187772970e-26
3.387692307692308077e+03 4.956785880818515610e-26
3.489743589743589837e+03 1.394100295419496112e-26
3.591794871794872051e+03 -1.729581345917360950e-26
3.693846153846154266e+03 -2.445609615877414490e-26
3.795897435897436026e+03 -3.037751944173616261e-26
3.897948717948718240e+03 -5.265458345548671272e-26
4.000000000000000000e+03 -4.526984406691906803e-26
