2.000000000000000000e+00 3.026385884557681084e+08
5.000000000000000000e+00 1.182193295775387383e+10
1.000000000000000000e+01 1.887672046513489075e+11
2.500000000000000000e+01 7.335302176871447266e+12
5.000000000000000000e+01 1.161155521502516094e+14
8.000000000000000000e+01 7.492335234916811250e+14
1.100000000000000000e+02 2.630441755983973000e+15
1.400000000000000000e+02 6.769490743797698000e+15
1.700000000000000000e+02 1.442904355162502000e+16
2.000000000000000000e+02 2.713034684083251200e+16
2.300000000000000000e+02 4.666259566269692800e+16
2.600000000000000000e+02 7.512560230088307200e+16
2.900000000000000000e+02 1.150466896177422560e+17
3.200000000000000000e+02 1.692013705187796160e+17
3.500000000000000000e+02 2.409397296754609280e+17
3.800000000000000000e+02 3.339266454481174400e+17
4.100000000000000000e+02 4.519085860814920960e+17
4.400000000000000000e+02 5.989404635194398720e+17
4.700000000000000000e+02 7.791078349189880320e+17
5.000000000000000000e+02 9.967944415914160640e+17
5.300000000000000000e+02 1.256309334116767744e+18
5.600000000000000000e+02 1.563122541425573888e+18
5.900000000000000000e+02 1.922030944988669440e+18
6.200000000000000000e+02 2.340522831890220032e+18
6.500000000000000000e+02 2.823718975081353728e+18
6.800000000000000000e+02 3.381618822637975552e+18
7.100000000000000000e+02 4.021978245750700032e+18
7.400000000000000000e+02 4.754015803115579392e+18
7.700000000000000000e+02 5.584162981848700928e+18
8.000000000000000000e+02 6.522254700139347968e+18
8.300000000000000000e+02 7.576846173088881664e+18
8.600000000000000000e+02 8.758542798919819264e+18
8.900000000000000000e+02 1.007270259654302515e+19
9.200000000000000000e+02 1.153505782574171546e+19
9.500000000000000000e+02 1.315831550091267277e+19
9.800000000000000000e+02 1.495528656215358259e+19
1.010000000000000000e+03 1.694736470605620019e+19
1.040000000000000000e+03 1.915627065231014707e+19
1.070000000000000000e+03 2.159381513587978240e+19
1.100000000000000000e+03 2.427732526649043354e+19
1.130000000000000000e+03 2.721925156978413978e+19
1.160000000000000000e+03 3.042526098668664422e+19
1.190000000000000000e+03 3.392054545466636698e+19
1.220000000000000000e+03 3.770737693139667354e+19
1.250000000000000000e+03 4.179667110651904000e+19
1.280000000000000000e+03 4.623182706915957146e+19
1.310000000000000000e+03 5.101989720723311821e+19
1.340000000000000000e+03 5.620445363462011290e+19
1.370000000000000000e+03 6.182834048144225075e+19
1.400000000000000000e+03 6.793248071771928986e+19
1.430000000000000000e+03 7.454058488800572211e+19
1.460000000000000000e+03 8.168184070678645965e+19
1.490000000000000000e+03 8.932587326843292877e+19
1.520000000000000000e+03 9.753106942173724672e+19
1.550000000000000000e+03 1.062967816428203868e+20
1.580000000000000000e+03 1.156351682714657096e+20
1.610000000000000000e+03 1.256288002837069169e+20
1.640000000000000000e+03 1.363320071294840013e+20
1.670000000000000000e+03 1.478063337397117256e+20
1.700000000000000000e+03 1.601191717326094664e+20
1.730000000000000000e+03 1.734035781651683738e+20
1.760000000000000000e+03 1.875711852241704714e+20
1.790000000000000000e+03 2.026529542928867656e+20
1.820000000000000000e+03 2.186486606555809382e+20
1.850000000000000000e+03 2.354102527316018463e+20
1.880000000000000000e+03 2.529033698709205811e+20
1.910000000000000000e+03 2.712426725266637128e+20
1.940000000000000000e+03 2.903685023615037604e+20
1.970000000000000000e+03 3.104976982868891402e+20
2.000000000000000000e+03 3.318362510033358684e+20
2.030000000000000000e+03 3.544563934099568722e+20
2.060000000000000000e+03 3.785502996897411891e+20
2.090000000000000000e+03 4.041579134826281042e+20
2.120000000000000000e+03 4.311330760008221327e+20
2.150000000000000000e+03 4.593349826590609244e+20
2.180000000000000000e+03 4.884771570392007967e+20
2.210000000000000000e+03 5.185974711802593935e+20
2.240000000000000000e+03 5.495281553547790909e+20
2.270000000000000000e+03 5.817613114795504435e+20
2.300000000000000000e+03 6.156525564452845650e+20
2.330000000000000000e+03 6.514402607740334899e+20
2.360000000000000000e+03 6.895694217112467538e+20
2.390000000000000000e+03 7.300315891019204526e+20
2.420000000000000000e+03 7.720936238278952878e+20
2.450000000000000000e+03 8.152238250885663949e+20
2.480000000000000000e+03 8.583602890221697106e+20
2.510000000000000000e+03 9.007545970789135155e+20
2.540000000000000000e+03 9.425208767852100977e+20
2.570000000000000000e+03 9.833831887327613420e+20
2.600000000000000000e+03 1.022856726110649319e+21
2.630000000000000000e+03 1.064708157266652824e+21
2.660000000000000000e+03 1.108677459319903355e+21
2.690000000000000000e+03 1.154862564144925114e+21
2.720000000000000000e+03 1.203629267546288423e+21
2.750000000000000000e+03 1.254243212681333703e+21
2.780000000000000000e+03 1.304558033743242592e+21
2.810000000000000000e+03 1.353056295523653779e+21
2.840000000000000000e+03 1.398436013240772198e+21
2.870000000000000000e+03 1.441538500717633602e+21
2.900000000000000000e+03 1.484013116539277672e+21
2.930000000000000000e+03 1.527009050172734046e+21
2.960000000000000000e+03 1.573260829182702125e+21
2.990000000000000000e+03 1.623707183677898228e+21
3.020000000000000000e+03 1.677299828858439074e+21
3.050000000000000000e+03 1.730089914907895529e+21
3.080000000000000000e+03 1.779923146965133033e+21
3.110000000000000000e+03 1.820218201200920887e+21
3.140000000000000000e+03 1.846462745121120322e+21
3.170000000000000000e+03 1.860501061145134105e+21
3.200000000000000000e+03 1.861212065900692767e+21
3.230000000000000000e+03 1.855493508375204856e+21
3.260000000000000000e+03 1.847893294096066544e+21
3.290000000000000000e+03 1.843608907641946374e+21
3.320000000000000000e+03 1.842433815125802353e+21
3.350000000000000000e+03 1.846537555831720772e+21
3.380000000000000000e+03 1.849851962998459990e+21
3.410000000000000000e+03 1.852685680893444227e+21
3.440000000000000000e+03 1.846324346460843803e+21
3.470000000000000000e+03 1.835952007627155964e+21
3.500000000000000000e+03 1.824787379300867768e+21
3.530000000000000000e+03 1.818165607609843057e+21
3.560000000000000000e+03 1.823069472862041014e+21
3.590000000000000000e+03 1.842238782510193181e+21
3.620000000000000000e+03 1.875601622743644373e+21
3.650000000000000000e+03 1.912201005914520027e+21
3.680000000000000000e+03 1.945854447272674722e+21
3.710000000000000000e+03 1.966823710572190630e+21
3.740000000000000000e+03 1.968334231832260772e+21
3.770000000000000000e+03 1.955231951046876856e+21
3.800000000000000000e+03 1.938756023144136573e+21
3.830000000000000000e+03 1.931635728021221540e+21
3.860000000000000000e+03 1.948289983750869615e+21
3.890000000000000000e+03 2.004013558145670447e+21
3.920000000000000000e+03 2.102466610211065692e+21
3.950000000000000000e+03 2.242554708270404076e+21
3.985000000000000000e+03 2.450395372249953075e+21
4.000000000000000000e+03 2.551709992535108616e+21
