-1.978253679285316424e-01
-9.811938587184121721e-03
-1.253809989132164369e-02
-6.774616379624069824e-03
-1.059961688363772556e-03
-4.312470602000831668e-03
-2.478691344113159289e-03
-2.345003685668853310e-03
4.461323579416742562e-04
-2.606867403651483023e-03
1.332570631066090595e-03
-5.561009061544542470e-03
-1.955152758360188814e-03
-3.349608012765324834e-03
-1.011098167578449586e-03
-2.877253271241914535e-03
-3.869549244662099079e-03
-4.099049606087971052e-03
2.983101201860494079e-04
-4.417521356733035247e-03
-3.883283606515113267e-03
-3.688398959280035031e-03
-5.051567428524473581e-03
-6.964993453346278972e-03
-9.356295846148695097e-03
-1.069760822585967205e-02
-9.294816353169295040e-03
-8.355729489382448735e-03
-7.752443021570050788e-03
-6.349865736666821837e-03
-7.603020677559563407e-03
-1.577880408886484648e-02
-1.088953327800423060e-02
-1.346337924874144512e-02
-1.065860578584562970e-02
-1.425968045101852488e-02
-1.028582400149818596e-02
-5.123467756795186019e-03
-1.075157054856742782e-02
-7.638810393803884685e-03
-1.093192778241395581e-02
-4.572499865448131397e-03
-2.993357947903439210e-03
-4.498265117029270378e-03
-1.167303254063841757e-02
-1.301461012302510684e-02
-9.131682670702216328e-03
-8.410324640413927022e-03
-6.288427711765715022e-03
-6.600082579002461598e-03
-1.223664660751434992e-02
-5.387895054010452545e-03
-8.230805043825567199e-03
-1.620814086154813774e-02
-8.644475058470574291e-03
-9.050190325519603951e-03
-1.272928971738502939e-02
-1.397822815126675139e-02
-8.175606110012402158e-03
-3.628641122340217108e-03
-6.626329105408519833e-03
-1.672164308209508204e-02
-1.543766515886521617e-04
-6.761318561345398652e-03
-1.845346319427619433e-03
-5.156798523967030118e-03
6.343110750139814742e-03
-9.149250679418719900e-04
-6.477406047987049019e-03
1.269520791034270749e-02
-1.302289249908202733e-03
-1.059362773483562246e-02
-2.582410293324779657e-03
-4.957178872675838295e-03
-3.660821331850410082e-04
-7.006165270020603061e-03
-1.266210864229201638e-04
