1.100000000000000000e+02 -5.960542239084902494e-02 -5.467290504822720776e-02 -4.635245177659437499e-02 -4.220985300320085482e-02 -3.964790468208608670e-02 -3.827080007609807988e-02 -3.800500874172120513e-02 -3.471714567431057052e-02 -5.098809478686420343e-02
3.100000000000000000e+02 -6.596957165713150661e-02 -5.688988125256255746e-02 -4.894031631341234229e-02 -4.520789081454130998e-02 -4.341645594936476005e-02 -4.251664599583066667e-02 -4.241895876777868751e-02 -3.949418900047953207e-02 -5.519532973052848623e-02
5.100000000000000000e+02 -5.586025562980267978e-02 -4.228294158021057847e-02 -3.327116982817918123e-02 -2.907556834556143319e-02 -2.737995027445790791e-02 -2.657516785599348466e-02 -2.642420042144444717e-02 -2.361204254718450579e-02 -3.868728190897446212e-02
7.100000000000000000e+02 -5.857798752538280473e-02 -4.145969215221485815e-02 -3.128380121038503575e-02 -2.694312507762585546e-02 -2.542434930798945225e-02 -2.483020624954238725e-02 -2.467965903325879465e-02 -2.259588877322765352e-02 -3.479510097227186266e-02
9.100000000000000000e+02 -5.771342837490575639e-02 -2.993404334997097974e-02 -1.710938420889627706e-02 -1.205639092721488143e-02 -1.037280380818308111e-02 -9.742920432268709074e-03 -9.495677358875610763e-03 -7.630644990342101523e-03 -1.843733049106697358e-02
1.110000000000000000e+03 -5.844275374988978922e-02 -2.638191727849846860e-02 -1.156360732942858169e-02 -6.440343449151075990e-03 -4.810972143406920185e-03 -4.220456579300902421e-03 -3.995683992418713054e-03 -2.046311275261264179e-03 -1.221278543598415534e-02
1.310000000000000000e+03 -5.218512696165727299e-02 -1.393147809627926122e-02 2.763664128599836387e-03 8.676860407714511239e-03 1.055828562646266705e-02 1.142512235874723787e-02 1.174204945254597385e-02 1.392105714744415468e-02 3.813639715078139241e-03
1.510000000000000000e+03 -4.909898924649310631e-02 -1.132457801874553992e-02 5.140143536544789296e-03 1.091037996655766333e-02 1.260170188043025288e-02 1.351507142211614936e-02 1.388827947534630562e-02 1.663481182001240802e-02 5.335001693507243625e-03
1.710000000000000000e+03 -3.980850816964462413e-02 -5.764575843473668595e-03 9.905013272300746893e-03 1.493054958046691715e-02 1.620505144900751676e-02 1.684625899982180458e-02 1.717276730749794575e-02 2.062241421635603589e-02 7.584294277913542111e-03
1.910000000000000000e+03 -3.918988393231222223e-02 3.542706079623475848e-03 2.078867185693088204e-02 2.661206581946273450e-02 2.817912380223788760e-02 2.911077934474412543e-02 2.953033689095160147e-02 3.391906795551734993e-02 1.813791949578101234e-02
2.110000000000000000e+03 -4.204214505629530474e-02 3.269361245712476983e-03 2.160360685856695107e-02 2.796464495823851662e-02 2.949488421565343160e-02 3.057562719879441254e-02 3.103467459334927417e-02 3.643530287633951065e-02 1.756693387101228646e-02
2.310000000000000000e+03 -2.076242692138575291e-02 2.191057089792335447e-02 3.884387119459244142e-02 4.478909229911213347e-02 4.613320519902805450e-02 4.733949523528539760e-02 4.787867067534080229e-02 5.414259993562248879e-02 3.293985121368959990e-02
2.510000000000000000e+03 -2.420057719752989611e-02 1.895547862195032934e-02 3.931852597812451888e-02 4.588697381027166677e-02 4.703796498101644324e-02 4.844351042769493715e-02 4.893923526255123529e-02 5.636273596260335528e-02 2.996883099769271502e-02
2.710000000000000000e+03 9.399535278841718311e-05 5.165770853550690628e-02 7.211379817963328720e-02 7.792552941565700220e-02 7.849075362359980712e-02 8.000158569319702762e-02 8.053971733923261100e-02 8.904991125576490474e-02 5.916783544975148107e-02
2.910000000000000000e+03 7.051498104492252318e-03 5.606353569768000172e-02 7.898005129339798203e-02 8.484421014774773395e-02 8.532304171660934355e-02 8.723585653454882238e-02 8.782848280725229217e-02 9.791686553492377765e-02 6.226919375407530266e-02
3.110000000000000000e+03 2.743200623126494653e-02 8.669909987527167627e-02 1.100864537123868031e-01 1.168432189460683196e-01 1.163969024750096670e-01 1.190388110253745163e-01 1.197654743186191556e-01 1.324021772520236895e-01 8.638518326312900897e-02
3.310000000000000000e+03 -6.594563606037898802e-04 8.354025232529996292e-02 1.196518031655475212e-01 1.282549026519846092e-01 1.283028423081347680e-01 1.315366429327284870e-01 1.326562558465511354e-01 1.513964641545025025e-01 8.470952351030482108e-02
3.510000000000000000e+03 -2.204510033027629740e-02 9.024711594023858419e-02 1.457628975165404239e-01 1.616432682544426402e-01 1.613687875829841190e-01 1.671086124543067486e-01 1.688044338308394010e-01 2.024350298885822796e-01 8.922605794299989790e-02
3.710000000000000000e+03 -2.597295592650489607e-02 1.239390809544961974e-01 1.976314291459921602e-01 2.149872155156527798e-01 2.106550315898731152e-01 2.188012594755509299e-01 2.206286005146065321e-01 2.759542625290103968e-01 1.021971299137927752e-01
