1.100000000000000000e+02 -2.727502458636447275e-02 -2.509197379787947435e-02 -2.160919044759054136e-02 -1.981605224970338711e-02 -1.859967647840232371e-02 -1.793474438294254819e-02 -1.772629644005747906e-02 -1.528280091918514036e-02 -1.671677713261626730e-02 -1.821897112175354105e-01 -1.500927996665046560e-01
3.100000000000000000e+02 -3.277623486973053890e-02 -3.050647236503374257e-02 -2.775826425468857009e-02 -2.632112149341342758e-02 -2.552731255222837059e-02 -2.509718434479694255e-02 -2.496579676701660838e-02 -2.322907250366930063e-02 -2.424537331887017047e-02 -1.539914591640761388e-01 -1.269133028322629031e-01
5.100000000000000000e+02 -2.308047730400671765e-02 -1.942777852241960382e-02 -1.682557179925716836e-02 -1.537532981979368440e-02 -1.466749407734645877e-02 -1.428715590587163568e-02 -1.413928965025969438e-02 -1.286032055514701317e-02 -1.356747031612450145e-02 -1.076956426795712685e-01 -8.743348949817629501e-02
7.100000000000000000e+02 -2.596854944603806808e-02 -2.219479011251889941e-02 -1.942477984195094265e-02 -1.786925676579581915e-02 -1.714563056072769889e-02 -1.676522594551102530e-02 -1.659633681172814970e-02 -1.582078308272772543e-02 -1.622596443470747385e-02 -7.003131260275440029e-02 -5.844457063059235041e-02
9.100000000000000000e+02 -2.331950587928375770e-02 -1.681574824736481108e-02 -1.324024450608183266e-02 -1.153513947396503543e-02 -1.073624891359757291e-02 -1.032321794474308323e-02 -1.015812911937175912e-02 -9.573076106381616865e-03 -9.851110680257003233e-03 -4.826441269878043588e-02 -3.976967711336701350e-02
1.110000000000000000e+03 -2.110707197166964560e-02 -1.475036258611914231e-02 -1.191091276448847346e-02 -1.046295976616499861e-02 -9.814533211229764867e-03 -9.500838612601774161e-03 -9.357759784200857245e-03 -8.830056657551231536e-03 -9.073110931033552887e-03 -4.499455599826034102e-02 -3.669124524348700567e-02
1.310000000000000000e+03 -2.269708988636014516e-02 -1.413601944980911497e-02 -1.041770503908831351e-02 -8.826663595760977227e-03 -8.094443431807681402e-03 -7.711548835882626497e-03 -7.554325690601072611e-03 -7.038636339803320922e-03 -7.266804367367278930e-03 -4.247136464035949216e-02 -3.406127381282660765e-02
1.510000000000000000e+03 -1.686295845701877433e-02 -7.848415222401528696e-03 -4.177192471291251395e-03 -2.416008138974817202e-03 -1.635657742001454850e-03 -1.211357248847414825e-03 -1.036562530059553528e-03 -4.367853969400847781e-04 -6.903302659990576996e-04 -4.262479391149152919e-02 -3.251198029105661219e-02
1.710000000000000000e+03 -2.015056969995617994e-02 -1.282829002629394359e-02 -9.926969857051454876e-03 -8.572960105173742240e-03 -8.020841969394183757e-03 -7.710420074339554425e-03 -7.563503476785180847e-03 -6.941176078804551716e-03 -7.217419492140155109e-03 -5.293071537425562967e-02 -4.191784523508552962e-02
1.910000000000000000e+03 -1.780286681382830041e-02 -8.768391177711517756e-03 -5.144209928522869117e-03 -3.560881201602549874e-03 -2.823170591312869609e-03 -2.406462813848293282e-03 -2.248691366352298902e-03 -1.537470720459035512e-03 -1.838399380866690509e-03 -5.277238524286735621e-02 -4.028244256398633844e-02
2.110000000000000000e+03 -7.577740593688347091e-03 -1.219278953404546355e-03 1.541043606761110510e-03 2.817639948907950734e-03 3.433725963813704079e-03 3.755908800894419437e-03 3.917693519844906574e-03 4.665841546202809977e-03 4.343202717589419309e-03 -5.051668819620575013e-02 -3.718523776752166027e-02
2.310000000000000000e+03 -1.006275684839527500e-02 -2.332365845473726926e-03 4.265016111252210407e-04 1.852137761352901741e-03 2.546524479655633017e-03 2.933515078791170891e-03 3.110210334438795205e-03 3.908207287092255698e-03 3.572616122485335489e-03 -5.405252017584381147e-02 -3.998920837016661789e-02
2.510000000000000000e+03 -1.881497766770304572e-03 7.523413910136651436e-03 1.028166509552198328e-02 1.176648127304626493e-02 1.238173631834139400e-02 1.278586859663380197e-02 1.296124882944288750e-02 1.379354934080626906e-02 1.342457501833010415e-02 -4.960196045064916431e-02 -3.418100185470186042e-02
2.710000000000000000e+03 -7.606113007939577231e-03 6.574460315525969137e-04 3.132292367069196282e-03 4.406940352535569129e-03 4.941470970774189224e-03 5.328956090900953575e-03 5.515524432409736437e-03 6.329234749983978989e-03 5.976371134767231516e-03 -5.482826247057224350e-02 -3.983801278045037697e-02
2.910000000000000000e+03 3.093515511909218380e-03 1.195117929909752380e-02 1.439865734027629025e-02 1.562816064513912126e-02 1.609090672107730061e-02 1.645137351967528375e-02 1.660439776897630268e-02 1.736517816536194136e-02 1.702582762593822865e-02 -4.124021815742063418e-02 -2.693424980948894848e-02
3.110000000000000000e+03 5.816584683114373738e-03 1.484837699462058028e-02 1.759460890993428880e-02 1.893160687676533754e-02 1.949405828798634124e-02 1.984116774464092514e-02 2.001346925858435780e-02 2.070015239817430200e-02 2.039736327990908718e-02 -3.171736822576396581e-02 -1.889790479021734998e-02
3.310000000000000000e+03 9.552368564997528247e-03 1.717599121513401980e-02 2.071213834139739446e-02 2.231187228041133994e-02 2.313911491760672554e-02 2.356224032380548408e-02 2.376249752399110446e-02 2.439599069105680487e-02 2.413826538526067308e-02 -1.953677800114890159e-02 -8.794505408543070238e-03
3.510000000000000000e+03 -1.653054383706185036e-03 9.078978125349536007e-03 1.206768972179199893e-02 1.320461258349687160e-02 1.398797408052369906e-02 1.426467101474421413e-02 1.442925973626710268e-02 1.499524018792469486e-02 1.475197903088916809e-02 -2.309537394366650148e-02 -1.413064305107276583e-02
3.710000000000000000e+03 -6.932703105901156029e-03 6.386252288663541235e-03 9.499329566514830639e-03 1.076412579053028472e-02 1.151119653317021069e-02 1.186653848297127868e-02 1.204805391804937217e-02 1.257297359069849824e-02 1.236388653671829582e-02 -1.966111175649155884e-02 -1.224576413361766307e-02
