8.000000000000000000e+01 -3.522345238021441782e-02 -3.397464891310405383e-02 -2.964270790085208815e-02
2.200000000000000000e+02 -2.995697689012209730e-02 -2.838241529077298320e-02 -2.531438311622819654e-02
3.600000000000000000e+02 -3.078269505126626435e-02 -2.834755937694077507e-02 -2.478859288604625885e-02
5.000000000000000000e+02 -3.310720033710183585e-02 -2.901183513614527185e-02 -2.545311732729281171e-02
6.400000000000000000e+02 -3.383934360059154267e-02 -2.921121733920978986e-02 -2.538411468440777627e-02
7.800000000000000000e+02 -3.180331331917617826e-02 -2.589818182395280111e-02 -2.198140831332643513e-02
9.200000000000000000e+02 -3.100535491408482752e-02 -2.434884067600951579e-02 -2.037524157337479089e-02
1.060000000000000000e+03 -2.767635575284444968e-02 -2.017593636481658514e-02 -1.636028330313809079e-02
1.200000000000000000e+03 -2.360709954494515789e-02 -1.644379544533949855e-02 -1.250542049089727395e-02
1.340000000000000000e+03 -2.294395855894796818e-02 -1.472469047628498576e-02 -1.084652856022891299e-02
1.480000000000000000e+03 -2.159864482523212587e-02 -1.089320953136255384e-02 -6.447916382296628099e-03
1.620000000000000000e+03 -1.834505804320222047e-02 -8.487869908218804299e-03 -4.486103684151063024e-03
1.760000000000000000e+03 -1.562336728761672469e-02 -6.056097625706930582e-03 -2.161945326884030013e-03
1.900000000000000000e+03 -1.227088932566147185e-02 -1.843893561934177453e-03 2.115132799633022594e-03
2.040000000000000000e+03 -1.247627791353579652e-02 -3.168205923295533237e-03 6.824262039109208378e-05
2.180000000000000000e+03 -7.204555720873266102e-03 2.589213603376998470e-03 5.988553129880691030e-03
2.320000000000000000e+03 -5.913298182720003182e-03 4.114469141753214140e-03 7.850825255994130919e-03
2.460000000000000000e+03 -4.422669105303735949e-03 4.737939362574151297e-03 7.968352811427709473e-03
2.600000000000000000e+03 -2.662897216057489615e-03 7.332293098004520442e-03 1.070033594506517721e-02
2.740000000000000000e+03 -4.231967459179168320e-03 6.536466868760225542e-03 9.664583696316652803e-03
2.880000000000000000e+03 7.205119639528306027e-04 1.108613139673605107e-02 1.410369524981431276e-02
3.020000000000000000e+03 -1.666118382243144107e-03 9.362088643192966950e-03 1.212959854733125509e-02
3.160000000000000000e+03 -1.587860305626929112e-03 8.795512215385572347e-03 1.148663474218357232e-02
3.300000000000000000e+03 -2.439596618337462001e-03 9.078210939996861351e-03 1.192747882870183115e-02
3.440000000000000000e+03 2.749096252959337856e-03 1.396106866176109219e-02 1.687750696968386838e-02
3.580000000000000000e+03 -3.395275302915175698e-03 9.148426666918407085e-03 1.275656553697246051e-02
3.720000000000000000e+03 1.998082221765641559e-05 9.831204193617774229e-03 1.301471122117554315e-02
3.860000000000000000e+03 3.623919967077183710e-03 1.610446077756061065e-02 2.064939770973651598e-02
