0.000000000000000000e+00 0.000000000000000000e+00
5.000000000000000278e-02 7.341786999493961352e-02
1.000000000000000056e-01 2.384425484234144743e-01
1.500000000000000222e-01 4.356003859509443576e-01
2.000000000000000111e-01 6.287640635570062031e-01
2.500000000000000000e-01 7.976818693051583864e-01
3.000000000000000444e-01 9.326403393901036010e-01
3.500000000000000333e-01 1.030694024511593199e+00
4.000000000000000222e-01 1.093038942382022594e+00
4.500000000000000111e-01 1.123214400801861190e+00
5.000000000000000000e-01 1.125899501889923160e+00
5.500000000000000444e-01 1.106132060513762339e+00
6.000000000000000888e-01 1.068823723922321500e+00
6.500000000000000222e-01 1.018479473018209625e+00
7.000000000000000666e-01 9.590552567015298013e-01
7.500000000000000000e-01 8.939064270338260565e-01
8.000000000000000444e-01 8.257935566693419549e-01
8.500000000000000888e-01 7.569223870672170396e-01
9.000000000000000222e-01 6.890020287788622966e-01
9.500000000000000666e-01 6.233108336268127214e-01
1.000000000000000000e+00 5.607631255081005905e-01
1.050000000000000044e+00 5.019726194071154612e-01
1.100000000000000089e+00 4.473101818662881812e-01
1.150000000000000133e+00 3.969548177177669723e-01
1.200000000000000178e+00 3.509375756294164095e-01
1.250000000000000000e+00 3.091785730072813543e-01
1.300000000000000044e+00 2.715176398590483653e-01
1.350000000000000089e+00 2.377392373788093649e-01
1.400000000000000133e+00 2.075923678236589465e-01
1.450000000000000178e+00 1.808061916186220475e-01
1.500000000000000000e+00 1.571020294004900064e-01
1.550000000000000044e+00 1.362023674033737419e-01
1.600000000000000089e+00 1.178374153873039815e-01
1.650000000000000133e+00 1.017496945829677452e-01
1.700000000000000178e+00 8.769706352555868556e-02
1.750000000000000000e+00 7.545452493570567465e-02
1.800000000000000044e+00 6.481509842838380220e-02
1.850000000000000089e+00 5.558999236934921567e-02
1.900000000000000133e+00 4.760826366274621690e-02
1.950000000000000178e+00 4.071611630187141340e-02
2.000000000000000000e+00 3.477595760640190409e-02
2.050000000000000266e+00 2.966530456544341776e-02
2.100000000000000089e+00 2.527561093961581962e-02
2.149999999999999911e+00 2.151106809519548121e-02
2.200000000000000178e+00 1.828741833858103794e-02
2.250000000000000000e+00 1.553080823521183970e-02
2.300000000000000266e+00 1.317670054059990464e-02
2.350000000000000089e+00 1.116885651209074265e-02
2.400000000000000355e+00 9.458395138314212164e-03
2.450000000000000178e+00 8.002931904736682728e-03
2.500000000000000000e+00 6.765796844256812166e-03
2.550000000000000266e+00 5.715329581811714153e-03
2.600000000000000089e+00 4.824247690529985012e-03
2.650000000000000355e+00 4.069083786299452880e-03
2.700000000000000178e+00 3.429686278059624737e-03
2.750000000000000000e+00 2.888778466659253173e-03
2.800000000000000266e+00 2.431570669378419966e-03
2.850000000000000089e+00 2.045420180062931196e-03
2.900000000000000355e+00 1.719534109394298517e-03
2.950000000000000178e+00 1.444710450037182958e-03
3.000000000000000000e+00 1.213113049863772438e-03
3.050000000000000266e+00 1.018076532684614437e-03
3.100000000000000089e+00 8.539375649424538542e-04
3.150000000000000355e+00 7.158892179876846958e-04
3.200000000000000178e+00 5.998555115376104970e-04
3.250000000000000000e+00 5.023835399859148329e-04
3.300000000000000266e+00 4.205508765827949613e-04
3.350000000000000089e+00 3.518862198119221212e-04
3.400000000000000355e+00 2.943014912724685743e-04
3.450000000000000178e+00 2.460338155129837968e-04
3.500000000000000000e+00 2.055960105578339596e-04
3.550000000000000266e+00 1.717343946519978145e-04
3.600000000000000089e+00 1.433928715613298603e-04
3.650000000000000355e+00 1.196823952352276267e-04
3.700000000000000178e+00 9.985503642178607719e-05
3.750000000000000000e+00 8.328198054617794914e-05
3.800000000000000266e+00 6.943487937857854072e-05
3.850000000000000089e+00 5.787006019529040930e-05
3.900000000000000355e+00 4.821516663820412215e-05
3.950000000000000178e+00 4.015786655438172652e-05
4.000000000000000000e+00 3.343631488735217158e-05
4.049999999999999822e+00 2.783110522173492518e-05
4.100000000000000533e+00 2.315848277362562906e-05
4.150000000000000355e+00 1.926462529119088619e-05
4.200000000000000178e+00 1.602082721040680728e-05
4.250000000000000000e+00 1.331944714170809044e-05
4.299999999999999822e+00 1.107049990863793208e-05
4.350000000000000533e+00 9.198792413476033605e-06
4.400000000000000355e+00 7.641517998528367169e-06
4.450000000000000178e+00 6.346237080596170744e-06
4.500000000000000000e+00 5.269182985847993370e-06
4.549999999999999822e+00 4.373841384890476142e-06
4.600000000000000533e+00 3.629759766855637443e-06
4.650000000000000355e+00 3.011550206733068579e-06
4.700000000000000178e+00 2.498054452569695098e-06
4.750000000000000000e+00 2.071645243601234257e-06
4.800000000000000711e+00 1.717641899781170551e-06
4.850000000000000533e+00 1.423821711281076356e-06
4.900000000000000355e+00 1.180011600545789779e-06
4.950000000000000178e+00 9.777470123344421092e-07
