1.920430303030303334e-02 9.900000000000000000e+01
4.978090909090909788e-02 6.580000000000000000e+02
8.035751515151515201e-02 1.536000000000000000e+03
1.109341212121212200e-01 2.734000000000000000e+03
1.415107272727272880e-01 4.048000000000000000e+03
1.720873333333333699e-01 5.630000000000000000e+03
2.026639393939394240e-01 7.451000000000000000e+03
2.332405454545454782e-01 9.108000000000000000e+03
2.638171515151515045e-01 1.193700000000000000e+04
2.943937575757575864e-01 1.354700000000000000e+04
3.249703636363636683e-01 1.512600000000000000e+04
3.555469696969697502e-01 1.823600000000000000e+04
3.861235757575757765e-01 2.033200000000000000e+04
4.167001818181818584e-01 2.157500000000000000e+04
4.472767878787878848e-01 2.310100000000000000e+04
4.778533939393939667e-01 2.599500000000000000e+04
5.084300000000000486e-01 2.506900000000000000e+04
5.390066060606061304e-01 2.805600000000000000e+04
5.695832121212122123e-01 3.048200000000000000e+04
6.001598181818182942e-01 3.113800000000000000e+04
6.307364242424243761e-01 3.194400000000000000e+04
6.613130303030304580e-01 3.278800000000000000e+04
6.918896363636364288e-01 3.290500000000000000e+04
7.224662424242425107e-01 3.395100000000000000e+04
7.530428484848485926e-01 3.402300000000000000e+04
7.836194545454546745e-01 3.452700000000000000e+04
8.141960606060607564e-01 3.504200000000000000e+04
8.447726666666668383e-01 3.507900000000000000e+04
8.753492727272729201e-01 3.468700000000000000e+04
9.059258787878788910e-01 3.386400000000000000e+04
9.365024848484849729e-01 3.354100000000000000e+04
9.670790909090910548e-01 3.337300000000000000e+04
9.976556969696970256e-01 3.397700000000000000e+04
1.028232303030303108e+00 3.379100000000000000e+04
1.058808909090909189e+00 3.136100000000000000e+04
1.089385515151515271e+00 3.008200000000000000e+04
1.119962121212121353e+00 3.027500000000000000e+04
1.150538727272727435e+00 2.907800000000000000e+04
1.181115333333333517e+00 2.903400000000000000e+04
1.211691939393939599e+00 2.616600000000000000e+04
1.242268545454545681e+00 2.714100000000000000e+04
1.272845151515151763e+00 2.641700000000000000e+04
1.303421757575757844e+00 2.464900000000000000e+04
1.333998363636363926e+00 2.434100000000000000e+04
1.364574969696970008e+00 2.177100000000000000e+04
1.395151575757575868e+00 2.179400000000000000e+04
1.425728181818181950e+00 2.089600000000000000e+04
1.456304787878788032e+00 1.955000000000000000e+04
1.486881393939394114e+00 1.945500000000000000e+04
1.517458000000000196e+00 1.762000000000000000e+04
1.548034606060606277e+00 1.761600000000000000e+04
1.578611212121212359e+00 1.527800000000000000e+04
1.609187818181818441e+00 1.537700000000000000e+04
1.639764424242424523e+00 1.418700000000000000e+04
1.670341030303030605e+00 1.312300000000000000e+04
1.700917636363636687e+00 1.288600000000000000e+04
1.731494242424242769e+00 1.137500000000000000e+04
1.762070848484848629e+00 1.138300000000000000e+04
1.792647454545454710e+00 1.029300000000000000e+04
1.823224060606060792e+00 9.808000000000000000e+03
1.853800666666666874e+00 9.084000000000000000e+03
1.884377272727272956e+00 8.377000000000000000e+03
1.914953878787879038e+00 8.343000000000000000e+03
1.945530484848485120e+00 7.519000000000000000e+03
1.976107090909091202e+00 7.109000000000000000e+03
2.006683696969696840e+00 6.290000000000000000e+03
2.037260303030302921e+00 5.945000000000000000e+03
2.067836909090909003e+00 5.578000000000000000e+03
2.098413515151515085e+00 4.958000000000000000e+03
2.128990121212121167e+00 4.712000000000000000e+03
2.159566727272727249e+00 4.310000000000000000e+03
2.190143333333333331e+00 3.988000000000000000e+03
2.220719939393939413e+00 3.686000000000000000e+03
2.251296545454545495e+00 3.278000000000000000e+03
2.281873151515151577e+00 2.998000000000000000e+03
2.312449757575757658e+00 2.882000000000000000e+03
2.343026363636363740e+00 2.480000000000000000e+03
2.373602969696969822e+00 2.357000000000000000e+03
2.404179575757575904e+00 2.221000000000000000e+03
2.434756181818181986e+00 1.931000000000000000e+03
2.465332787878788068e+00 1.703000000000000000e+03
2.495909393939394150e+00 1.544000000000000000e+03
2.526486000000000232e+00 1.470000000000000000e+03
2.557062606060606313e+00 1.386000000000000000e+03
2.587639212121212395e+00 1.201000000000000000e+03
2.618215818181818477e+00 1.048000000000000000e+03
2.648792424242424559e+00 1.016000000000000000e+03
2.679369030303030641e+00 8.730000000000000000e+02
2.709945636363636723e+00 8.290000000000000000e+02
2.740522242424242805e+00 6.760000000000000000e+02
2.771098848484848443e+00 7.300000000000000000e+02
2.801675454545454524e+00 6.190000000000000000e+02
2.832252060606060606e+00 5.550000000000000000e+02
2.862828666666666688e+00 5.360000000000000000e+02
2.893405272727272770e+00 4.380000000000000000e+02
2.923981878787878852e+00 4.010000000000000000e+02
2.954558484848484934e+00 3.670000000000000000e+02
2.985135090909091016e+00 3.190000000000000000e+02
3.015711696969697098e+00 2.760000000000000000e+02
