1.000000000000000082e-05
1.016265089392995130e-05
1.032794731918952453e-05
1.049593230558226690e-05
1.066664958279538781e-05
1.084014359178330984e-05
1.101645949633656847e-05
1.119564319483879364e-05
1.137774133221490236e-05
1.156280131207375302e-05
1.175087130904807549e-05
1.194200028133532407e-05
1.213623798344241821e-05
1.233363497913774693e-05
1.253424265461399484e-05
1.273811323186478452e-05
1.294529978227916069e-05
1.315585624045705155e-05
1.336983741824945150e-05
1.358729901902709093e-05
1.380829765218092365e-05
1.403289084785873161e-05
1.426113707194129759e-05
1.449309574126215066e-05
1.472882723907501804e-05
1.496839293077255598e-05
1.521185517986104894e-05
1.545927736419478539e-05
1.571072389247448757e-05
1.596626022101425084e-05
1.622595287078087002e-05
1.648986944471064877e-05
1.675807864530768815e-05
1.703065029252842484e-05
1.730765534195724041e-05
1.758916590327732596e-05
1.787525525904235524e-05
1.816599788375328615e-05
1.846146946324545750e-05
1.876174691439119540e-05
1.906690840512252017e-05
1.937703337477988979e-05
1.969220255479173340e-05
2.001249798969034841e-05
2.033800305846979900e-05
2.066880249629082024e-05
2.100498241653915194e-05
2.134663033324245526e-05
2.169383518385182289e-05
2.204668735239407619e-05
2.240527869300018224e-05
2.276970255381680078e-05
2.314005380130654141e-05
2.351642884494351072e-05
2.389892566231047836e-05
2.428764382460450616e-05
2.468268452255692542e-05
2.508415059277541105e-05
2.549214654451425796e-05
2.590677858688006290e-05
2.632815465648020122e-05
2.675638444552045131e-05
2.719157943036018971e-05
2.763385290053172626e-05
2.808331998823169760e-05
2.854009769829237591e-05
2.900430493863991665e-05
2.947606255124858463e-05
2.995549334359816181e-05
3.044272212064299681e-05
3.093787571730136646e-05
3.144108303147264728e-05
3.195247505759213607e-05
3.247218492073131901e-05
3.300034791125282203e-05
3.353710152002928861e-05
3.408258547423451975e-05
3.463694177371734559e-05
3.520031472796682762e-05
3.577285099367869843e-05
3.635469961293317630e-05
3.694601205199302477e-05
3.754694224073336996e-05
3.815764661271252544e-05
3.877828414589453094e-05
3.940901640403447737e-05
4.005000757873611187e-05
4.070142453219438740e-05
4.136343684063277602e-05
4.203621683844718370e-05
4.271993966306776293e-05
4.341478330055092185e-05
4.412092863191189777e-05
4.483855948021190816e-05
4.556786265841068756e-05
4.630902801799736631e-05
4.706224849841281693e-05
4.782772017727485219e-05
4.860564232142138599e-05
4.939621743878325959e-05
5.019965133110079395e-05
5.101615314749833907e-05
5.184593543892913273e-05
5.268921421350677227e-05
5.354620899273612700e-05
5.441714286865887681e-05
5.530224256192900478e-05
5.620173848083187778e-05
5.711586478126435033e-05
5.804485942768983719e-05
5.898896425508493637e-05
5.994842503189408905e-05
6.092349152400711648e-05
6.191441755977847869e-05
6.292146109610350833e-05
6.394488428556936667e-05
6.498495354469888900e-05
6.604193962330304700e-05
6.711611767496287204e-05
6.820776732865691926e-05
6.931717276155400522e-05
7.044462277299036847e-05
7.159041085964888522e-05
7.275483529196232206e-05
7.393819919175873207e-05
7.514081061116962114e-05
7.636298261282241959e-05
7.760503335133570393e-05
7.886728615614156353e-05
8.015006961565413965e-05
8.145371766280736284e-05
8.277856966198472461e-05
8.412497049736118173e-05
8.549327066268385105e-05
8.688382635251193202e-05
8.829699955494083421e-05
8.973315814583520257e-05
9.119267598459298522e-05
9.267593301146882789e-05
9.418331534647960399e-05
9.571521538991856182e-05
9.727203192450537027e-05
9.885417021919573925e-05
1.004620421346813112e-04
1.020960662306046523e-04
1.037566678745185890e-04
1.054442793526168466e-04
1.071593399822671198e-04
1.089022962263730567e-04
1.106736018095973433e-04
1.124737178364751899e-04
1.143031129114478576e-04
1.161622632608501891e-04
1.180516528568805612e-04
1.199717735435884303e-04
1.219231251649110739e-04
1.239062156947915523e-04
1.259215613694150942e-04
1.279696868215941666e-04
1.300511252173409775e-04
1.321664183946605190e-04
1.343161170046015297e-04
1.365007806546013845e-04
1.387209780541621008e-04
1.409772871628967624e-04
1.432702953409830901e-04
1.456005995020648682e-04
1.479688062686396383e-04
1.503755321299738291e-04
1.528214036025870941e-04
1.553070573933459984e-04
1.578331405652116427e-04
1.604003107056819902e-04
1.630092360979741085e-04
1.656605958949915094e-04
1.683550802961202269e-04
1.710933907269013374e-04
1.738762400216250527e-04
1.767043526088946592e-04
1.795784647002096894e-04
1.824993244816152445e-04
1.854676923084697527e-04
1.884843409033795474e-04
1.915500555573527931e-04
1.946656343342263208e-04
1.978318882784164360e-04
2.010496416260497009e-04
2.043197320195270594e-04
2.076430107255774669e-04
2.110203428568596521e-04
2.144526075971667385e-04
2.179406984302953594e-04
2.214855233726359179e-04
2.250880052095461704e-04
2.287490817355704211e-04
2.324697059985647986e-04
2.362508465477945068e-04
2.400934876860651764e-04
2.439986297259550199e-04
2.479672892502159890e-04
2.520004993764092018e-04
2.560993100258456825e-04
2.602647881969004482e-04
2.644980182427719858e-04
2.688001021537607393e-04
2.731721598441376204e-04
2.776153294436797922e-04
2.821307675939470740e-04
2.867196497493769728e-04
2.913831704832788461e-04
2.961225437988034676e-04
3.009390034449721313e-04
3.058338032378431388e-04
3.108082173869063645e-04
3.158635408267818990e-04
3.210010895543171532e-04
3.262222009711669896e-04
3.315282342319423150e-04
3.369205705980267201e-04
3.424006137971425897e-04
3.479697903887691386e-04
3.536295501355042614e-04
3.593813663804625697e-04
3.652267364308175480e-04
3.711671819475766804e-04
3.772042493416997554e-04
3.833395101766601514e-04
3.895745615775500948e-04
3.959110266468458469e-04
4.023505548869293143e-04
4.088948226294864268e-04
4.155455334718875077e-04
4.223044187206672164e-04
4.291732378422157359e-04
4.361537789208005771e-04
4.432478591240400501e-04
4.504573251759458222e-04
4.577840538376616304e-04
4.652299523960189294e-04
4.727969591600390906e-04
4.804870439655133953e-04
4.883022086877879990e-04
4.962444877628913436e-04
5.043159487171358559e-04
5.125186927053333079e-04
5.208548550577665184e-04
5.293266058360561205e-04
5.379361503980697925e-04
5.466857299720180412e-04
5.555776222398877860e-04
5.646141419303672649e-04
5.737976414214134013e-04
5.831305113526218760e-04
5.926151812475552710e-04
6.022541201461927831e-04
6.120498372476703168e-04
6.220048825634712014e-04
6.321218475812448011e-04
6.424033659394191159e-04
6.528521141127847493e-04
6.634708121092351002e-04
6.742622241778341904e-04
6.852291595284057662e-04
6.963744730628222430e-04
7.077010661181889735e-04
7.192118872221193223e-04
7.309099328602910398e-04
7.427982482564910198e-04
7.548799281653431614e-04
7.671581176779302151e-04
7.796360130405237399e-04
7.923168624866253540e-04
8.052039670825469593e-04
8.183006815867389754e-04
8.316104153230961067e-04
8.451366330684721229e-04
8.588828559546249353e-04
8.728526623848371089e-04
8.870496889654402514e-04
9.014776314524917782e-04
9.161402457138521178e-04
9.310413487069074982e-04
9.461848194721992787e-04
9.615746001432095213e-04
9.772146969725724417e-04
9.931091813749799713e-04
1.009262190987047277e-03
1.025677930744421868e-03
1.042360673976401152e-03
1.059314763518370058e-03
1.076544612842315982e-03
1.094054707205742438e-03
1.111849604819271095e-03
1.129933938033221693e-03
1.148312414543511137e-03
1.166989818617147380e-03
1.185971012337669371e-03
1.205260936870842505e-03
1.224864613750930708e-03
1.244787146187906202e-03
1.265033720395903781e-03
1.285609606943295159e-03
1.306520162124721234e-03
1.327770829355428986e-03
1.349367140588306375e-03
1.371314717753945684e-03
1.393619274224142113e-03
1.416286616299198848e-03
1.439322644719406375e-03
1.462733356201129922e-03
1.486524844997857194e-03
1.510703304486653948e-03
1.535275028780422714e-03
1.560246414366369501e-03
1.585623961771137104e-03
1.611414277253019837e-03
1.637624074521687283e-03
1.664260176485903671e-03
1.691329517029648791e-03
1.718839142817145697e-03
1.746796215127245774e-03
1.775208011717634149e-03
1.804081928719382779e-03
1.833425482562290763e-03
1.863246311931559835e-03
1.893552179756295304e-03
1.924350975230330321e-03
1.955650715865949168e-03
1.987459549580983600e-03
2.019785756819878538e-03
2.052637752709252084e-03
2.086024089248502810e-03
2.119953457536071038e-03
2.154434690031884272e-03
2.189476762856620851e-03
2.225088798128369450e-03
2.261280066337277312e-03
2.298059988758851136e-03
2.335438139906479207e-03
2.373424250023866040e-03
2.412028207618007077e-03
2.451260062033337479e-03
2.491130026067788373e-03
2.531648478631355528e-03
2.572825967447932034e-03
2.614673211801091940e-03
2.657201105324503987e-03
2.700420718837772543e-03
2.744343303228365376e-03
2.788980292380439669e-03
2.834343306151309184e-03
2.880444153396298067e-03
2.927294835042816134e-03
2.974907547214440586e-03
3.023294684405776565e-03
3.072468842709003348e-03
3.122442823092857773e-03
3.173229634734976452e-03
3.224842498408442022e-03
3.277294849923382148e-03
3.330600343624588386e-03
3.384772855945983230e-03
3.439826489022924580e-03
3.495775574363275268e-03
3.552634676578139260e-03
3.610418597173337477e-03
3.669142378402494038e-03
3.728821307182833642e-03
3.789470919074667578e-03
3.851107002325568872e-03
3.913745601980383668e-03
3.977403024058036828e-03
4.042095839796306170e-03
4.107840889965646940e-03
4.174655289253134671e-03
4.242556430717777174e-03
4.311561990318228677e-03
4.381689931514189812e-03
4.452958509942655727e-03
4.525386278170166754e-03
4.598992090522438167e-03
4.673795107992463616e-03
4.749814803228499978e-03
4.827070965603183494e-03
4.905583706365045267e-03
4.985373463873893699e-03
5.066461008921268640e-03
5.148867450137492065e-03
5.232614239486662287e-03
5.317723177850971691e-03
5.404216420705915298e-03
5.492116483887789224e-03
5.581446249454960484e-03
5.672228971644543115e-03
5.764488282925878809e-03
5.858248200152535966e-03
5.953533130814370189e-03
6.050367879391217903e-03
6.148777653810022850e-03
6.248788072006894283e-03
6.350425168595961664e-03
6.453715401646701634e-03
6.558685659571428586e-03
6.665363268124913435e-03
6.773775997517751668e-03
6.883952069645496441e-03
6.995920165435374691e-03
7.109709432312431160e-03
7.225349491787214085e-03
7.342870447166765027e-03
7.462302891391108146e-03
7.583677914997190468e-03
7.707027114212295846e-03
7.832382599179196422e-03
7.959777002314986222e-03
8.089243486805938743e-03
8.220815755240541353e-03
8.354528058382862735e-03
8.490415204088747059e-03
8.628512566366895731e-03
8.768856094587426653e-03
8.911482322840202572e-03
9.056428379445294677e-03
9.203731996618221695e-03
9.353431520292386156e-03
9.505565920101191960e-03
9.660174799522646544e-03
9.817298406188841586e-03
9.976977642363202281e-03
1.013925407558815411e-02
1.030416994950587514e-02
1.047176819485520251e-02
1.064209244064724669e-02
1.081518702552288110e-02
1.099109700929497280e-02
1.116986818467822530e-02
1.135154708920999012e-02
1.153618101736478448e-02
1.172381803286598467e-02
1.191450698119776025e-02
1.210829750232039412e-02
1.230524004359261590e-02
1.250538587290391315e-02
1.270878709202058129e-02
1.291549665014883955e-02
1.312556835771842845e-02
1.333905690039058692e-02
1.355601785329368925e-02
1.377650769549053529e-02
1.400058382468097502e-02
1.422830457214351897e-02
1.445972921792019507e-02
1.469491800624817164e-02
1.493393216124251806e-02
1.517683390283405299e-02
1.542368646296627364e-02
1.567455410205595076e-02
1.592950212572123020e-02
1.618859690178197502e-02
1.645190587753662601e-02
1.671949759731990170e-02
1.699144172034626130e-02
1.726780903884355886e-02
1.754867149648150354e-02
1.783410220710008112e-02
1.812417547374237797e-02
1.841896680799710861e-02
1.871855294965579092e-02
1.902301188668944001e-02
1.933242287555045347e-02
1.964686646180446514e-02
1.996642450109793396e-02
2.029118018046677935e-02
2.062121803999142355e-02
2.095662399480432980e-02
2.129748535745520921e-02
2.164389086064020390e-02
2.199593068030074663e-02
2.235369645909794298e-02
2.271728133026905058e-02
2.308677994187169694e-02
2.346228848142262527e-02
2.384390470093720321e-02
2.423172794237598085e-02
2.462585916350546605e-02
2.502640096417919208e-02
2.543345761304648123e-02
2.584713507469563881e-02
2.626754103723835665e-02
2.669478494034320873e-02
2.712897800372467139e-02
2.757023325609582465e-02
2.801866556459195468e-02
2.847439166467244723e-02
2.893753019050950351e-02
2.940820170587063812e-02
2.988652873550382699e-02
3.037263579703311511e-02
3.086664943337274342e-02
3.136869824566876352e-02
3.187891292677645649e-02
3.239742629528195167e-02
3.292437333007768724e-02
3.345989120549974771e-02
3.400411932703706341e-02
3.455719936762139538e-02
3.511927530450727891e-02
3.569049345675229939e-02
3.627100252330648505e-02
3.686095362172157885e-02
3.746050032748993175e-02
3.806979871402284277e-02
3.868900739327975347e-02
3.931828755705769896e-02
3.995780301895269365e-02
4.060772025700365440e-02
4.126820845702951907e-02
4.193943955667186335e-02
4.262158829015325057e-02
4.331483223376398489e-02
4.401935185208874501e-02
4.473533054498463057e-02
4.546295469532399269e-02
4.620241371751312998e-02
4.695390010680058207e-02
4.771760948938745528e-02
4.849374067335233268e-02
4.928249570040513228e-02
5.008407989848212560e-02
5.089870193519679953e-02
5.172657387216018920e-02
5.256791122018424772e-02
5.342293299538352497e-02
5.429186177618942899e-02
5.517492376129123216e-02
5.607234882852032976e-02
5.698437059469142058e-02
5.791122647641758214e-02
5.885315775191450605e-02
5.981040962380938103e-02
6.078323128297229844e-02
6.177187597338494596e-02
6.277660105806499857e-02
6.379766808606282535e-02
6.483534286054720708e-02
6.588989550799949357e-02
6.696160054853221577e-02
6.805073696735206012e-02
6.915758828738524655e-02
7.028244264308344813e-02
7.142559285543126357e-02
7.258733650817253413e-02
7.376797602527730702e-02
7.496781874966876313e-02
7.618717702322991281e-02
7.742636826811269413e-02
7.868571506936851423e-02
7.996554525892346499e-02
8.126619200091945994e-02
8.258799387844263651e-02
8.393129498166364277e-02
8.529644499741025065e-02
8.668379930019773361e-02
8.809371904473990711e-02
8.952657125996391074e-02
9.098272894455558535e-02
9.246257116405742771e-02
9.396648314954690606e-02
9.549485639791965852e-02
9.704808877380306786e-02
9.862658461312820424e-02
1.002307548283864341e-01
1.018610170155975214e-01
1.035177955630176283e-01
1.052015217616159015e-01
1.069126339173477186e-01
1.086515774652537236e-01
1.104188050854160164e-01
1.122147768207980290e-01
1.140399601970033122e-01
1.158948303439811811e-01
1.177798701197118048e-01
1.196955702359042834e-01
1.216424293857368000e-01
1.236209543736769140e-01
1.256316602474121524e-01
1.276750704319264407e-01
1.297517168657586761e-01
1.318621401394748371e-01
1.340068896363950657e-01
1.361865236756082675e-01
1.384016096573130183e-01
1.406527242105236331e-01
1.429404533431760937e-01
1.452653925946781333e-01
1.476281471909391130e-01
1.500293322019216613e-01
1.524695727017572888e-01
1.549495039314631728e-01
1.574697714643086832e-01
1.600310313738701751e-01
1.626339504048190665e-01
1.652792061464893880e-01
1.679674872092653259e-01
1.706994934038408018e-01
1.734759359233932485e-01
1.762975375287204050e-01
1.791650327363899509e-01
1.820791680099462517e-01
1.850407019542302245e-01
1.880504055128583429e-01
1.911090621689136015e-01
1.942174681489024501e-01
1.973764326300255501e-01
2.005867779508233861e-01
2.038493398252464173e-01
2.071649675602066920e-01
2.105345242766703817e-01
2.139588871343421628e-01
2.174389475600080057e-01
2.209756114795903281e-01
2.245697995539771563e-01
2.282224474186896335e-01
2.319345059274427467e-01
2.357069413996727703e-01
2.395407358720879343e-01
2.434368873543112932e-01
2.473964100886811568e-01
2.514203348142796668e-01
2.555097090352507205e-01
2.596655972934872603e-01
2.638890814457512946e-01
2.681812609453013141e-01
2.725432531281027915e-01
2.769761935036890721e-01
2.814812360507581435e-01
2.860595535175745052e-01
2.907123377272575193e-01
2.954407998880380082e-01
3.002461709085549324e-01
3.051297017182870719e-01
3.100926635931929853e-01
3.151363484866476217e-01
3.202620693657650119e-01
3.254711605531848129e-01
3.307649780744242318e-01
3.361449000108768792e-01
3.416123268585524730e-01
3.471686818926559281e-01
3.528154115380883193e-01
3.585539857459816848e-01
3.643858983763548220e-01
3.703126675869923279e-01
3.763358362286532977e-01
3.824569722466998889e-01
3.886776690892667641e-01
3.949995461220646709e-01
4.014242490499317917e-01
4.079534503452448835e-01
4.145888496832911274e-01
4.213321743847289191e-01
4.281851798652415719e-01
4.351496500925045585e-01
4.422273980505896929e-01
4.494202662119142211e-01
4.567301270168747096e-01
4.641588833612781961e-01
4.717084690917012768e-01
4.793808495089106891e-01
4.871780218794630746e-01
4.951020159556351330e-01
5.031548945038056830e-01
5.113387538414321254e-01
5.196557243827657491e-01
5.281079711934331122e-01
5.366976945540475885e-01
5.454271305329836395e-01
5.542985515684663023e-01
5.633142670601352098e-01
5.724766239702178128e-01
5.817880074344935482e-01
5.912508413831881748e-01
6.008675891719680306e-01
6.106407542232036301e-01
6.205728806776500406e-01
6.306665540567405470e-01
6.409244019356457045e-01
6.513490946272796345e-01
6.619433458774387491e-01
6.727099135712336642e-01
6.836516004510237998e-01
6.947712548460239779e-01
7.060717714137765277e-01
7.175560918936920718e-01
7.292272058728312967e-01
7.410881515641569717e-01
7.531420165974375136e-01
7.653919388230155940e-01
7.778411071286481793e-01
7.904927622696420464e-01
8.033501977124734017e-01
8.164167604921471755e-01
8.296958520834915030e-01
8.431909292866250905e-01
8.569055051268347212e-01
8.708431497690723999e-01
8.850074914473438081e-01
8.994022174092053401e-01
9.140310748756222958e-01
9.288978720164497993e-01
9.440064789417603741e-01
9.593608287093147169e-01
9.749649183484095927e-01
9.908228099003787426e-01
1.006938631476027135e+00
1.023316578330244919e+00
1.039960913954120381e+00
1.056875971184805030e+00
1.074066153333432361e+00
1.091535935331391149e+00
1.109289864895222744e+00
1.127332563710487179e+00
1.145668728634872569e+00
1.164303132920875505e+00
1.183240627458377991e+00
1.202486142037412220e+00
1.222044686631488686e+00
1.241921352701784720e+00
1.262121314522546056e+00
1.282649830528059809e+00
1.303512244681508836e+00
1.324713987866117382e+00
1.346260579298911075e+00
1.368157627967470535e+00
1.390410834090069603e+00
1.413025990599533710e+00
1.436008984651260700e+00
1.459365799155757593e+00
1.483102514336102962e+00
1.507225309310755490e+00
1.531740463702079724e+00
1.556654359271061994e+00
1.581973481578601515e+00
1.607704421673822104e+00
1.633853877809860355e+00
1.660428657187529522e+00
1.687435677727375793e+00
1.714881969870540868e+00
1.742774678408917310e+00
1.771121064345086760e+00
1.799928506782476401e+00
1.829204504846293711e+00
1.858956679635688225e+00
1.889192776207664348e+00
1.919920665593282783e+00
1.951148346846616422e+00
1.982883949127071332e+00
2.015135733815558439e+00
2.047912096665083226e+00
2.081221569986337006e+00
2.115072824868794665e+00
2.149474673437980599e+00
2.184436071149428393e+00
2.219966119119952452e+00
2.256074066496859043e+00
2.292769312865648779e+00
2.330061410696924629e+00
2.367960067833078774e+00
2.406475150015421782e+00
2.445616683452444207e+00
2.485394857429798599e+00
2.525820026962784848e+00
2.566902715491951703e+00
2.608653617622550769e+00
2.651083601908536203e+00
2.694203713681882384e+00
2.738025177927857712e+00
2.782559402207125832e+00
2.827817979625343980e+00
2.873812691851063583e+00
2.920555512182744895e+00
2.968058608665602449e+00
3.016334347259197468e+00
3.065395295056529967e+00
3.115254223555484980e+00
3.165924111983520639e+00
3.217418150676371713e+00
3.269749744511767808e+00
3.322932516398974911e+00
3.376980310825087983e+00
3.431907197459042713e+00
3.487727474814177775e+00
3.544455673970435594e+00
3.602106562357073827e+00
3.660695147596898735e+00
3.720236681413065849e+00
3.780746663599349411e+00
3.842240846055060999e+00
3.904735236885564120e+00
3.968246104569477684e+00
4.032789982193705214e+00
4.098383671757261482e+00
4.165044248545185290e+00
4.232789065573553167e+00
4.301635758106790774e+00
4.371602248248501965e+00
4.442706749606882610e+00
4.514967772036102112e+00
4.588404126454761034e+00
4.663034929742726931e+00
4.738879609717651320e+00
4.815957910192350866e+00
4.894289896114531579e+00
4.973895958790067517e+00
5.054796821191235523e+00
5.137013543351338640e+00
5.220567527846974976e+00
5.305480525369573819e+00
5.391774640387505535e+00
5.479472336900281348e+00
5.568596444286408875e+00
5.659170163246242780e+00
5.751217071841614015e+00
5.844761131633637419e+00
5.939826693920350564e+00
6.036438506075863408e+00
6.134621717992506440e+00
6.234401888627863819e+00
6.335804992658253809e+00
6.438857427240412434e+00
6.543586018883228661e+00
6.650018030431118277e+00
6.758181168161110364e+00
6.868103588995307263e+00
6.979813907830652475e+00
7.093341204987989812e+00
7.208715033782135073e+00
7.325965428215230446e+00
7.445122910795142879e+00
7.566218500481046938e+00
7.689283720758305130e+00
7.814350607844541940e+00
7.941451719029339884e+00
8.070620141149507987e+00
8.201889499202211553e+00
8.335293965098186320e+00
8.470868266557403103e+00
8.608647696149244410e+00
8.748668120479914379e+00
8.890965989529167501e+00
9.035578346138921191e+00
9.182542835656281710e+00
9.331897715733239451e+00
9.483681866285927242e+00
9.637934799615795356e+00
9.794696670695385521e+00
9.954008287621517681e+00
1.011591112223829825e+01
1.028044732093309754e+01
1.044765971560805262e+01
1.061759183482999092e+01
1.079028791516183539e+01
1.096579291267809886e+01
1.114415251466788170e+01
1.132541315152812622e+01
1.150962200885031095e+01
1.169682703970384630e+01
1.188707697711903322e+01
1.208042134677328860e+01
1.227691047988360395e+01
1.247659552630868518e+01
1.267952846786433874e+01
1.288576213185518071e+01
1.309535020482667633e+01
1.330834724654076062e+01
1.352480870417874037e+01
1.374479092677536585e+01
1.396835117988739761e+01
1.419554766050101513e+01
1.442643951218158804e+01
1.466108684046982980e+01
1.489955072852853668e+01
1.514189325304351996e+01
1.538817750038346333e+01
1.563846758302247864e+01
1.589282865622976360e+01
1.615132693503089456e+01
1.641402971144466605e+01
1.668100537200059108e+01
1.695232341554121547e+01
1.722805447131392143e+01
1.750827031735723338e+01
1.779304389918577201e+01
1.808244934877951593e+01
1.837656200388172323e+01
1.867545842761074226e+01
1.897921642839099476e+01
1.928791508020777812e+01
1.960163474319185539e+01
1.992045708453871100e+01
2.024446509976801778e+01
2.057374313432911705e+01
2.090837690555749973e+01
2.124845352498882889e+01
2.159406152103567678e+01
2.194529086203311508e+01
2.230223297965936169e+01
2.266498079273692667e+01
2.303362873142131306e+01
2.340827276178294269e+01
2.378901041078890799e+01
2.417594079169128207e+01
2.456916462982790250e+01
2.496878428884326695e+01
2.537490379733571544e+01
2.578762887593803654e+01
2.620706696483849996e+01
2.663332725174980808e+01
2.706652070033241131e+01
2.750676007908067433e+01
2.795415999067859403e+01
2.840883690183301269e+01
2.887090917359234510e+01
2.934049709215787161e+01
2.981772290019673477e+01
3.030271082866399368e+01
3.079558712914223406e+01
3.129648010670750580e+01
3.180552015332919780e+01
3.232283978181380490e+01
3.284857366030046677e+01
3.338285864731757613e+01
3.392583382740991738e+01
3.447764054734464167e+01
3.503842245290675805e+01
3.560832552629281622e+01
3.618749812411276423e+01
3.677609101601030517e+01
3.737425742391064176e+01
3.798215306190736129e+01
3.859993617679771205e+01
3.922776758927715690e+01
3.986581073580438783e+01
4.051423171114647204e+01
4.117319931161679136e+01
4.184288507901584353e+01
4.252346334528677829e+01
4.321511127789761986e+01
4.391800892596086214e+01
4.463233926710397270e+01
4.535828825510191109e+01
4.609604486828428804e+01
4.684580115873045258e+01
4.760775230226368393e+01
4.838209664925957298e+01
4.916903577628031030e+01
4.996877453854878581e+01
5.078152112327670409e+01
5.160748710385907856e+01
5.244688749495119140e+01
5.329994080844092963e+01
5.416686911033146856e+01
5.504789807854967876e+01
5.594325706169377810e+01
5.685317913873753071e+01
5.777790117970506856e+01
5.871766390733249352e+01
5.967271195973310682e+01
6.064329395408061885e+01
6.162966255132942450e+01
6.263207452198692238e+01
6.365079081295564833e+01
6.468607661546320742e+01
6.573820143409585626e+01
6.680743915695614987e+01
6.789406812696113036e+01
6.899837121430010711e+01
7.012063589007176745e+01
7.126115430111745752e+01
7.242022334607315770e+01
7.359814475265771705e+01
7.479522515621813739e+01
7.601177617955322319e+01
7.724811451403400042e+01
7.850456200204509116e+01
7.978144572076628549e+01
8.107909806731677804e+01
8.239785684528511922e+01
8.373806535266488993e+01
8.510007247122246099e+01
8.648423275731727244e+01
8.789090653419962962e+01
8.932045998580959179e+01
9.077326525210223451e+01
9.224970052592173886e+01
9.375015015145289965e+01
9.527500472427300338e+01
9.682466119303113317e+01
9.839952296278225674e+01
1.000000000000000000e+02
