9.999999999999997430e-06
1.016265089392994283e-05
1.032794731918952792e-05
1.049593230558226521e-05
1.066664958279537934e-05
1.084014359178331323e-05
1.101645949633656508e-05
1.119564319483880380e-05
1.137774133221490744e-05
1.156280131207375133e-05
1.175087130904808565e-05
1.194200028133532746e-05
1.213623798344241143e-05
1.233363497913773677e-05
1.253424265461399823e-05
1.273811323186477944e-05
1.294529978227916916e-05
1.315585624045705324e-05
1.336983741824944811e-05
1.358729901902710278e-05
1.380829765218092534e-05
1.403289084785872314e-05
1.426113707194130606e-05
1.449309574126215405e-05
1.472882723907501127e-05
1.496839293077256445e-05
1.521185517986104725e-05
1.545927736419477522e-05
1.571072389247449774e-05
1.596626022101425084e-05
1.622595287078085986e-05
1.648986944471065555e-05
1.675807864530768477e-05
1.703065029252841806e-05
1.730765534195725057e-05
1.758916590327732257e-05
1.787525525904234169e-05
1.816599788375329293e-05
1.846146946324545750e-05
1.876174691439118185e-05
1.906690840512252695e-05
1.937703337477988301e-05
1.969220255479171646e-05
2.001249798969035858e-05
2.033800305846979561e-05
2.066880249629080330e-05
2.100498241653915872e-05
2.134663033324244510e-05
2.169383518385180256e-05
2.204668735239408297e-05
2.240527869300017546e-05
2.276970255381681772e-05
2.314005380130654480e-05
2.351642884494349717e-05
2.389892566231049869e-05
2.428764382460450955e-05
2.468268452255691187e-05
2.508415059277542799e-05
2.549214654451425796e-05
2.590677858688005274e-05
2.632815465648021816e-05
2.675638444552045470e-05
2.719157943036017277e-05
2.763385290053173982e-05
2.808331998823170099e-05
2.854009769829235897e-05
2.900430493863993359e-05
2.947606255124858463e-05
2.995549334359813809e-05
3.044272212064301714e-05
3.093787571730136646e-05
3.144108303147262695e-05
3.195247505759214962e-05
3.247218492073131223e-05
3.300034791125279493e-05
3.353710152002930216e-05
3.408258547423451297e-05
3.463694177371737270e-05
3.520031472796683440e-05
3.577285099367869166e-05
3.635469961293314920e-05
3.694601205199303832e-05
3.754694224073335641e-05
3.815764661271255255e-05
3.877828414589455126e-05
3.940901640403446382e-05
4.005000757873614575e-05
4.070142453219439418e-05
4.136343684063275569e-05
4.203621683844721080e-05
4.271993966306777648e-05
4.341478330055090830e-05
4.412092863191193165e-05
4.483855948021190816e-05
4.556786265841066046e-05
4.630902801799740697e-05
4.706224849841282370e-05
4.782772017727482508e-05
4.860564232142141309e-05
4.939621743878325281e-05
5.019965133110076684e-05
5.101615314749836618e-05
5.184593543892912596e-05
5.268921421350673161e-05
5.354620899273615411e-05
5.441714286865887681e-05
5.530224256192897090e-05
5.620173848083191167e-05
5.711586478126433677e-05
5.804485942768978975e-05
5.898896425508496347e-05
5.994842503189408227e-05
6.092349152400706905e-05
6.191441755977849224e-05
6.292146109610348122e-05
6.394488428556932601e-05
6.498495354469891610e-05
6.604193962330303345e-05
6.711611767496292625e-05
6.820776732865693282e-05
6.931717276155399167e-05
7.044462277299031426e-05
7.159041085964889877e-05
7.275483529196229496e-05
7.393819919175878628e-05
7.514081061116964825e-05
7.636298261282239248e-05
7.760503335133577170e-05
7.886728615614156353e-05
8.015006961565408544e-05
8.145371766280729508e-05
8.277856966198473816e-05
8.412497049736114107e-05
8.549327066268390526e-05
8.688382635251193202e-05
8.829699955494079355e-05
8.973315814583525678e-05
9.119267598459298522e-05
9.267593301146877368e-05
9.418331534647965820e-05
9.571521538991857537e-05
9.727203192450531606e-05
9.885417021919579346e-05
1.004620421346813112e-04
1.020960662306046794e-04
1.037566678745185483e-04
1.054442793526168466e-04
1.071593399822670385e-04
1.089022962263730973e-04
1.106736018095974246e-04
1.124737178364752034e-04
1.143031129114479254e-04
1.161622632608501620e-04
1.180516528568804527e-04
1.199717735435883761e-04
1.219231251649111552e-04
1.239062156947914710e-04
1.259215613694151484e-04
1.279696868215941124e-04
1.300511252173410859e-04
1.321664183946604377e-04
1.343161170046015026e-04
1.365007806546014930e-04
1.387209780541621279e-04
1.409772871628967082e-04
1.432702953409830901e-04
1.456005995020648953e-04
1.479688062686395841e-04
1.503755321299739647e-04
1.528214036025870941e-04
1.553070573933460798e-04
1.578331405652117782e-04
1.604003107056820173e-04
1.630092360979740272e-04
1.656605958949916178e-04
1.683550802961200914e-04
1.710933907269012561e-04
1.738762400216251611e-04
1.767043526088946592e-04
1.795784647002095539e-04
1.824993244816151903e-04
1.854676923084697527e-04
1.884843409033794390e-04
1.915500555573528745e-04
1.946656343342262937e-04
1.978318882784164631e-04
2.010496416260498093e-04
2.043197320195270323e-04
2.076430107255773313e-04
2.110203428568597334e-04
2.144526075971669012e-04
2.179406984302952239e-04
2.214855233726360263e-04
2.250880052095461162e-04
2.287490817355706109e-04
2.324697059985646630e-04
2.362508465477944797e-04
2.400934876860649867e-04
2.439986297259551012e-04
2.479672892502159348e-04
2.520004993764092018e-04
2.560993100258457909e-04
2.602647881969003939e-04
2.644980182427722026e-04
2.688001021537607936e-04
2.731721598441377830e-04
2.776153294436795754e-04
2.821307675939471282e-04
2.867196497493768644e-04
2.913831704832790630e-04
2.961225437988032508e-04
3.009390034449722397e-04
3.058338032378434099e-04
3.108082173869064187e-04
3.158635408267817363e-04
3.210010895543170990e-04
3.262222009711667186e-04
3.315282342319421523e-04
3.369205705980266117e-04
3.424006137971425355e-04
3.479697903887692470e-04
3.536295501355041530e-04
3.593813663804625697e-04
3.652267364308176565e-04
3.711671819475765178e-04
3.772042493416997012e-04
3.833395101766602056e-04
3.895745615775499863e-04
3.959110266468457927e-04
4.023505548869293685e-04
4.088948226294865894e-04
4.155455334718874535e-04
4.223044187206672706e-04
4.291732378422158985e-04
4.361537789208004686e-04
4.432478591240400501e-04
4.504573251759459848e-04
4.577840538376615220e-04
4.652299523960189294e-04
4.727969591600391991e-04
4.804870439655131785e-04
4.883022086877879990e-04
4.962444877628914520e-04
5.043159487171357475e-04
5.125186927053331995e-04
5.208548550577666268e-04
5.293266058360559037e-04
5.379361503980696841e-04
5.466857299720181496e-04
5.555776222398880028e-04
5.646141419303671565e-04
5.737976414214134013e-04
5.831305113526220928e-04
5.926151812475551625e-04
6.022541201461927831e-04
6.120498372476704252e-04
6.220048825634709845e-04
6.321218475812449096e-04
6.424033659394192243e-04
6.528521141127845324e-04
6.634708121092349918e-04
6.742622241778344072e-04
6.852291595284055493e-04
6.963744730628221346e-04
7.077010661181890819e-04
7.192118872221195391e-04
7.309099328602910398e-04
7.427982482564912366e-04
7.548799281653434867e-04
7.671581176779301067e-04
7.796360130405237399e-04
7.923168624866256792e-04
8.052039670825468509e-04
8.183006815867390838e-04
8.316104153230964319e-04
8.451366330684719061e-04
8.588828559546249353e-04
8.728526623848374341e-04
8.870496889654400346e-04
9.014776314524916697e-04
9.161402457138522262e-04
9.310413487069071729e-04
9.461848194721992787e-04
9.615746001432098466e-04
9.772146969725720080e-04
9.931091813749799713e-04
1.009262190987047494e-03
1.025677930744422301e-03
1.042360673976400936e-03
1.059314763518370058e-03
1.076544612842316199e-03
1.094054707205742221e-03
1.111849604819271095e-03
1.129933938033222127e-03
1.148312414543510704e-03
1.166989818617147380e-03
1.185971012337669805e-03
1.205260936870842289e-03
1.224864613750930708e-03
1.244787146187906418e-03
1.265033720395903347e-03
1.285609606943295159e-03
1.306520162124721451e-03
1.327770829355428553e-03
1.349367140588306375e-03
1.371314717753945684e-03
1.393619274224142763e-03
1.416286616299198631e-03
1.439322644719406808e-03
1.462733356201130572e-03
1.486524844997856760e-03
1.510703304486654165e-03
1.535275028780423148e-03
1.560246414366369067e-03
1.585623961771137104e-03
1.611414277253020270e-03
1.637624074521686849e-03
1.664260176485903454e-03
1.691329517029649008e-03
1.718839142817145046e-03
1.746796215127245557e-03
1.775208011717634583e-03
1.804081928719382128e-03
1.833425482562290329e-03
1.863246311931560052e-03
1.893552179756295955e-03
1.924350975230330104e-03
1.955650715865949168e-03
1.987459549580984468e-03
2.019785756819878104e-03
2.052637752709252084e-03
2.086024089248503677e-03
2.119953457536070604e-03
2.154434690031884272e-03
2.189476762856621284e-03
2.225088798128368583e-03
2.261280066337277312e-03
2.298059988758851570e-03
2.335438139906478340e-03
2.373424250023866040e-03
2.412028207618007510e-03
2.451260062033336611e-03
2.491130026067788373e-03
2.531648478631355961e-03
2.572825967447931166e-03
2.614673211801091506e-03
2.657201105324504421e-03
2.700420718837771242e-03
2.744343303228364509e-03
2.788980292380439669e-03
2.834343306151310051e-03
2.880444153396296766e-03
2.927294835042816134e-03
2.974907547214441454e-03
3.023294684405775697e-03
3.072468842709003348e-03
3.122442823092858640e-03
3.173229634734975151e-03
3.224842498408442022e-03
3.277294849923383015e-03
3.330600343624587085e-03
3.384772855945982362e-03
3.439826489022925014e-03
3.495775574363276569e-03
3.552634676578138827e-03
3.610418597173337910e-03
3.669142378402495339e-03
3.728821307182833208e-03
3.789470919074668012e-03
3.851107002325570607e-03
3.913745601980382800e-03
3.977403024058036828e-03
4.042095839796307037e-03
4.107840889965645205e-03
4.174655289253134671e-03
4.242556430717778042e-03
4.311561990318230411e-03
4.381689931514189812e-03
4.452958509942656594e-03
4.525386278170165019e-03
4.598992090522438167e-03
4.673795107992464483e-03
4.749814803228501713e-03
4.827070965603182627e-03
4.905583706365046134e-03
4.985373463873895433e-03
5.066461008921267772e-03
5.148867450137492932e-03
5.232614239486664022e-03
5.317723177850969957e-03
5.404216420705915298e-03
5.492116483887790959e-03
5.581446249454959617e-03
5.672228971644543115e-03
5.764488282925880544e-03
5.858248200152534231e-03
5.953533130814369322e-03
6.050367879391219637e-03
6.148777653810020248e-03
6.248788072006893415e-03
6.350425168595963399e-03
6.453715401646699032e-03
6.558685659571427719e-03
6.665363268124914302e-03
6.773775997517754270e-03
6.883952069645494706e-03
6.995920165435374691e-03
7.109709432312434629e-03
7.225349491787212350e-03
7.342870447166765027e-03
7.462302891391110748e-03
7.583677914997187866e-03
7.707027114212295846e-03
7.832382599179198157e-03
7.959777002314982752e-03
8.089243486805938743e-03
8.220815755240543088e-03
8.354528058382861000e-03
8.490415204088745324e-03
8.628512566366897465e-03
8.768856094587423183e-03
8.911482322840200837e-03
9.056428379445294677e-03
9.203731996618225164e-03
9.353431520292384421e-03
9.505565920101191960e-03
9.660174799522650013e-03
9.817298406188838117e-03
9.976977642363202281e-03
1.013925407558815585e-02
1.030416994950587167e-02
1.047176819485520251e-02
1.064209244064724842e-02
1.081518702552287763e-02
1.099109700929497106e-02
1.116986818467822877e-02
1.135154708920998665e-02
1.153618101736478274e-02
1.172381803286598814e-02
1.191450698119776545e-02
1.210829750232039238e-02
1.230524004359261764e-02
1.250538587290391836e-02
1.270878709202057956e-02
1.291549665014884128e-02
1.312556835771843365e-02
1.333905690039058345e-02
1.355601785329368925e-02
1.377650769549054049e-02
1.400058382468097155e-02
1.422830457214352071e-02
1.445972921792020027e-02
1.469491800624816644e-02
1.493393216124251806e-02
1.517683390283405646e-02
1.542368646296626844e-02
1.567455410205594729e-02
1.592950212572123020e-02
1.618859690178196808e-02
1.645190587753662254e-02
1.671949759731990170e-02
1.699144172034626823e-02
1.726780903884355539e-02
1.754867149648150354e-02
1.783410220710008806e-02
1.812417547374237103e-02
1.841896680799710861e-02
1.871855294965579092e-02
1.902301188668944348e-02
1.933242287555045347e-02
1.964686646180446167e-02
1.996642450109793743e-02
2.029118018046677935e-02
2.062121803999142008e-02
2.095662399480433327e-02
2.129748535745520574e-02
2.164389086064020737e-02
2.199593068030074663e-02
2.235369645909793951e-02
2.271728133026905405e-02
2.308677994187169694e-02
2.346228848142262180e-02
2.384390470093720668e-02
2.423172794237598085e-02
2.462585916350546258e-02
2.502640096417919208e-02
2.543345761304648123e-02
2.584713507469564228e-02
2.626754103723836012e-02
2.669478494034320526e-02
2.712897800372467486e-02
2.757023325609582465e-02
2.801866556459195814e-02
2.847439166467245417e-02
2.893753019050950004e-02
2.940820170587064158e-02
2.988652873550382699e-02
3.037263579703311164e-02
3.086664943337274689e-02
3.136869824566876352e-02
3.187891292677644955e-02
3.239742629528194473e-02
3.292437333007768724e-02
3.345989120549975465e-02
3.400411932703706341e-02
3.455719936762138844e-02
3.511927530450728585e-02
3.569049345675229939e-02
3.627100252330649199e-02
3.686095362172158579e-02
3.746050032748992481e-02
3.806979871402283583e-02
3.868900739327976041e-02
3.931828755705769896e-02
3.995780301895268671e-02
4.060772025700365440e-02
4.126820845702951213e-02
4.193943955667187029e-02
4.262158829015324363e-02
4.331483223376397795e-02
4.401935185208875195e-02
4.473533054498463057e-02
4.546295469532398575e-02
4.620241371751312998e-02
4.695390010680057513e-02
4.771760948938744140e-02
4.849374067335233268e-02
4.928249570040512534e-02
5.008407989848212560e-02
5.089870193519679953e-02
5.172657387216018227e-02
5.256791122018424772e-02
5.342293299538351803e-02
5.429186177618943593e-02
5.517492376129123216e-02
5.607234882852032282e-02
5.698437059469142751e-02
5.791122647641758214e-02
5.885315775191451992e-02
5.981040962380938797e-02
6.078323128297229844e-02
6.177187597338495983e-02
6.277660105806499857e-02
6.379766808606281148e-02
6.483534286054722096e-02
6.588989550799949357e-02
6.696160054853220189e-02
6.805073696735204625e-02
6.915758828738524655e-02
7.028244264308344813e-02
7.142559285543127745e-02
7.258733650817252026e-02
7.376797602527729314e-02
7.496781874966876313e-02
7.618717702322991281e-02
7.742636826811270800e-02
7.868571506936851423e-02
7.996554525892345111e-02
8.126619200091945994e-02
8.258799387844263651e-02
8.393129498166362890e-02
8.529644499741025065e-02
8.668379930019773361e-02
8.809371904473992099e-02
8.952657125996392462e-02
9.098272894455557147e-02
9.246257116405744159e-02
9.396648314954690606e-02
9.549485639791964464e-02
9.704808877380306786e-02
9.862658461312820424e-02
1.002307548283864203e-01
1.018610170155975353e-01
1.035177955630176144e-01
1.052015217616159154e-01
1.069126339173477047e-01
1.086515774652537236e-01
1.104188050854160441e-01
1.122147768207980151e-01
1.140399601970033261e-01
1.158948303439811811e-01
1.177798701197118048e-01
1.196955702359043111e-01
1.216424293857368000e-01
1.236209543736768862e-01
1.256316602474121524e-01
1.276750704319264684e-01
1.297517168657586761e-01
1.318621401394748649e-01
1.340068896363950657e-01
1.361865236756082675e-01
1.384016096573130183e-01
1.406527242105236331e-01
1.429404533431760937e-01
1.452653925946781610e-01
1.476281471909390852e-01
1.500293322019216891e-01
1.524695727017573166e-01
1.549495039314631728e-01
1.574697714643086832e-01
1.600310313738701751e-01
1.626339504048190665e-01
1.652792061464894158e-01
1.679674872092653259e-01
1.706994934038408018e-01
1.734759359233932485e-01
1.762975375287204327e-01
1.791650327363899509e-01
1.820791680099462517e-01
1.850407019542301967e-01
1.880504055128583429e-01
1.911090621689136015e-01
1.942174681489024501e-01
1.973764326300255501e-01
2.005867779508234139e-01
2.038493398252464173e-01
2.071649675602066920e-01
2.105345242766703540e-01
2.139588871343421628e-01
2.174389475600080335e-01
2.209756114795903559e-01
2.245697995539771563e-01
2.282224474186896057e-01
2.319345059274427467e-01
2.357069413996727703e-01
2.395407358720879343e-01
2.434368873543112932e-01
2.473964100886811845e-01
2.514203348142796668e-01
2.555097090352507205e-01
2.596655972934872603e-01
2.638890814457512946e-01
2.681812609453013141e-01
2.725432531281027915e-01
2.769761935036890721e-01
2.814812360507581435e-01
2.860595535175745052e-01
2.907123377272575193e-01
2.954407998880379527e-01
3.002461709085549324e-01
3.051297017182870719e-01
3.100926635931929853e-01
3.151363484866476217e-01
3.202620693657650119e-01
3.254711605531848129e-01
3.307649780744242873e-01
3.361449000108768792e-01
3.416123268585524730e-01
3.471686818926559281e-01
3.528154115380883749e-01
3.585539857459816848e-01
3.643858983763548776e-01
3.703126675869923279e-01
3.763358362286532977e-01
3.824569722466998889e-01
3.886776690892667641e-01
3.949995461220646709e-01
4.014242490499317917e-01
4.079534503452448835e-01
4.145888496832911274e-01
4.213321743847289191e-01
4.281851798652415719e-01
4.351496500925045585e-01
4.422273980505896929e-01
4.494202662119142211e-01
4.567301270168747096e-01
4.641588833612781961e-01
4.717084690917012768e-01
4.793808495089106891e-01
4.871780218794630746e-01
4.951020159556351330e-01
5.031548945038056830e-01
5.113387538414321254e-01
5.196557243827657491e-01
5.281079711934331122e-01
5.366976945540475885e-01
5.454271305329836395e-01
5.542985515684663023e-01
5.633142670601352098e-01
5.724766239702178128e-01
5.817880074344935482e-01
5.912508413831881748e-01
6.008675891719680306e-01
6.106407542232036301e-01
6.205728806776500406e-01
6.306665540567405470e-01
6.409244019356457045e-01
6.513490946272796345e-01
6.619433458774387491e-01
6.727099135712336642e-01
6.836516004510237998e-01
6.947712548460239779e-01
7.060717714137765277e-01
7.175560918936920718e-01
7.292272058728312967e-01
7.410881515641569717e-01
7.531420165974375136e-01
7.653919388230155940e-01
7.778411071286481793e-01
7.904927622696420464e-01
8.033501977124734017e-01
8.164167604921471755e-01
8.296958520834915030e-01
8.431909292866250905e-01
8.569055051268347212e-01
8.708431497690723999e-01
8.850074914473438081e-01
8.994022174092053401e-01
9.140310748756222958e-01
9.288978720164497993e-01
9.440064789417603741e-01
9.593608287093147169e-01
9.749649183484095927e-01
9.908228099003787426e-01
1.006938631476027135e+00
1.023316578330244919e+00
1.039960913954120381e+00
1.056875971184805030e+00
1.074066153333432361e+00
1.091535935331391149e+00
1.109289864895222744e+00
1.127332563710487179e+00
1.145668728634872569e+00
1.164303132920875505e+00
1.183240627458377991e+00
1.202486142037412220e+00
1.222044686631488686e+00
1.241921352701784720e+00
1.262121314522546056e+00
1.282649830528059809e+00
1.303512244681508836e+00
1.324713987866117382e+00
1.346260579298911075e+00
1.368157627967470535e+00
1.390410834090069603e+00
1.413025990599533710e+00
1.436008984651260700e+00
1.459365799155757593e+00
1.483102514336102962e+00
1.507225309310755490e+00
1.531740463702079724e+00
1.556654359271061994e+00
1.581973481578601515e+00
1.607704421673822104e+00
1.633853877809860355e+00
1.660428657187529522e+00
1.687435677727375793e+00
1.714881969870540868e+00
1.742774678408917310e+00
1.771121064345086760e+00
1.799928506782476401e+00
1.829204504846293711e+00
1.858956679635688225e+00
1.889192776207664348e+00
1.919920665593282783e+00
1.951148346846616422e+00
1.982883949127071332e+00
2.015135733815558439e+00
2.047912096665083226e+00
2.081221569986337006e+00
2.115072824868794665e+00
2.149474673437980599e+00
2.184436071149428393e+00
2.219966119119952452e+00
2.256074066496859043e+00
2.292769312865648779e+00
2.330061410696924629e+00
2.367960067833078774e+00
2.406475150015421782e+00
2.445616683452444207e+00
2.485394857429798599e+00
2.525820026962784848e+00
2.566902715491951703e+00
2.608653617622550769e+00
2.651083601908536203e+00
2.694203713681882384e+00
2.738025177927857712e+00
2.782559402207125832e+00
2.827817979625343980e+00
2.873812691851063583e+00
2.920555512182744895e+00
2.968058608665602449e+00
3.016334347259197468e+00
3.065395295056529967e+00
3.115254223555485424e+00
3.165924111983520195e+00
3.217418150676372157e+00
3.269749744511767808e+00
3.322932516398974911e+00
3.376980310825087983e+00
3.431907197459042713e+00
3.487727474814177775e+00
3.544455673970435594e+00
3.602106562357073827e+00
3.660695147596898735e+00
3.720236681413066293e+00
3.780746663599349411e+00
3.842240846055061443e+00
3.904735236885564120e+00
3.968246104569477684e+00
4.032789982193705214e+00
4.098383671757261482e+00
4.165044248545185290e+00
4.232789065573553167e+00
4.301635758106790774e+00
4.371602248248501965e+00
4.442706749606882610e+00
4.514967772036102112e+00
4.588404126454761922e+00
4.663034929742726931e+00
4.738879609717651320e+00
4.815957910192350866e+00
4.894289896114530691e+00
4.973895958790067517e+00
5.054796821191234635e+00
5.137013543351338640e+00
5.220567527846974976e+00
5.305480525369573819e+00
5.391774640387505535e+00
5.479472336900281348e+00
5.568596444286408875e+00
5.659170163246242780e+00
5.751217071841614015e+00
5.844761131633637419e+00
5.939826693920350564e+00
6.036438506075863408e+00
6.134621717992506440e+00
6.234401888627862931e+00
6.335804992658253809e+00
6.438857427240412434e+00
6.543586018883228661e+00
6.650018030431118277e+00
6.758181168161110364e+00
6.868103588995307263e+00
6.979813907830653363e+00
7.093341204987989812e+00
7.208715033782135961e+00
7.325965428215230446e+00
7.445122910795143767e+00
7.566218500481047826e+00
7.689283720758304241e+00
7.814350607844542829e+00
7.941451719029338996e+00
8.070620141149507987e+00
8.201889499202209777e+00
8.335293965098186320e+00
8.470868266557403103e+00
8.608647696149244410e+00
8.748668120479916155e+00
8.890965989529167501e+00
9.035578346138921191e+00
9.182542835656279934e+00
9.331897715733239451e+00
9.483681866285925466e+00
9.637934799615795356e+00
9.794696670695387297e+00
9.954008287621517681e+00
1.011591112223829825e+01
1.028044732093309577e+01
1.044765971560805440e+01
1.061759183482999269e+01
1.079028791516183539e+01
1.096579291267810063e+01
1.114415251466788170e+01
1.132541315152812800e+01
1.150962200885030917e+01
1.169682703970384630e+01
1.188707697711903144e+01
1.208042134677328860e+01
1.227691047988360218e+01
1.247659552630868340e+01
1.267952846786434051e+01
1.288576213185517894e+01
1.309535020482667811e+01
1.330834724654075885e+01
1.352480870417873859e+01
1.374479092677536229e+01
1.396835117988739583e+01
1.419554766050101868e+01
1.442643951218158804e+01
1.466108684046982980e+01
1.489955072852853313e+01
1.514189325304351996e+01
1.538817750038346155e+01
1.563846758302247864e+01
1.589282865622976537e+01
1.615132693503089456e+01
1.641402971144466605e+01
1.668100537200059108e+01
1.695232341554121547e+01
1.722805447131392498e+01
1.750827031735723338e+01
1.779304389918576845e+01
1.808244934877951593e+01
1.837656200388171968e+01
1.867545842761074582e+01
1.897921642839099476e+01
1.928791508020778167e+01
1.960163474319185895e+01
1.992045708453870745e+01
2.024446509976801423e+01
2.057374313432911705e+01
2.090837690555749617e+01
2.124845352498883244e+01
2.159406152103567322e+01
2.194529086203311152e+01
2.230223297965935814e+01
2.266498079273692667e+01
2.303362873142131662e+01
2.340827276178294269e+01
2.378901041078890799e+01
2.417594079169127852e+01
2.456916462982790250e+01
2.496878428884326340e+01
2.537490379733571899e+01
2.578762887593803299e+01
2.620706696483849640e+01
2.663332725174981164e+01
2.706652070033241131e+01
2.750676007908067788e+01
2.795415999067859047e+01
2.840883690183300914e+01
2.887090917359233799e+01
2.934049709215787161e+01
2.981772290019673832e+01
3.030271082866399368e+01
3.079558712914223406e+01
3.129648010670751290e+01
3.180552015332919780e+01
3.232283978181380490e+01
3.284857366030047388e+01
3.338285864731757613e+01
3.392583382740991738e+01
3.447764054734464878e+01
3.503842245290675095e+01
3.560832552629282333e+01
3.618749812411275713e+01
3.677609101601030517e+01
3.737425742391064887e+01
3.798215306190736129e+01
3.859993617679771916e+01
3.922776758927716401e+01
3.986581073580438783e+01
4.051423171114646493e+01
4.117319931161679136e+01
4.184288507901583642e+01
4.252346334528677119e+01
4.321511127789762696e+01
4.391800892596085504e+01
4.463233926710397981e+01
4.535828825510190399e+01
4.609604486828428804e+01
4.684580115873045969e+01
4.760775230226367682e+01
4.838209664925958009e+01
4.916903577628031030e+01
4.996877453854879292e+01
5.078152112327669698e+01
5.160748710385907856e+01
5.244688749495118429e+01
5.329994080844093673e+01
5.416686911033146856e+01
5.504789807854967165e+01
5.594325706169378520e+01
5.685317913873755202e+01
5.777790117970505435e+01
5.871766390733250773e+01
5.967271195973312814e+01
6.064329395408060464e+01
6.162966255132942450e+01
6.263207452198693659e+01
6.365079081295563412e+01
6.468607661546320742e+01
6.573820143409587047e+01
6.680743915695612145e+01
6.789406812696111615e+01
6.899837121430013553e+01
7.012063589007175324e+01
7.126115430111744331e+01
7.242022334607315770e+01
7.359814475265773126e+01
7.479522515621813739e+01
7.601177617955323740e+01
7.724811451403402884e+01
7.850456200204507695e+01
7.978144572076628549e+01
8.107909806731674962e+01
8.239785684528510501e+01
8.373806535266490414e+01
8.510007247122248941e+01
8.648423275731731508e+01
8.789090653419961541e+01
8.932045998580962021e+01
9.077326525210220609e+01
9.224970052592173886e+01
9.375015015145291386e+01
9.527500472427303180e+01
9.682466119303113317e+01
9.839952296278228516e+01
1.000000000000000426e+02
