0.000000000000000000e+00
1.000000000000000082e-05
1.018610170155975315e-05
1.037566678745184839e-05
1.056875971184804981e-05
1.076544612842315894e-05
1.096579291267809966e-05
1.116986818467822625e-05
1.137774133221490236e-05
1.158948303439811801e-05
1.180516528568805612e-05
1.202486142037412267e-05
1.224864613750930810e-05
1.247659552630868525e-05
1.270878709202059429e-05
1.294529978227916069e-05
1.318621401394748594e-05
1.343161170046015399e-05
1.368157627967470456e-05
1.393619274224143468e-05
1.419554766050101529e-05
1.445972921792019565e-05
1.472882723907501804e-05
1.500293322019216782e-05
1.528214036025870806e-05
1.556654359271061883e-05
1.585623961771137294e-05
1.615132693503089535e-05
1.645190587753660725e-05
1.675807864530768815e-05
1.706994934038408082e-05
1.738762400216250392e-05
1.771121064345086685e-05
1.804081928719380908e-05
1.837656200388172389e-05
1.871855294965579252e-05
1.906690840512252017e-05
1.942174681489024571e-05
1.978318882784162123e-05
2.015135733815558378e-05
2.052637752709252056e-05
2.090837690555749843e-05
2.129748535745518782e-05
2.169383518385182289e-05
2.209756114795903079e-05
2.250880052095461772e-05
2.292769312865648647e-05
2.335438139906476958e-05
2.378901041078895599e-05
2.423172794237600676e-05
2.468268452255692542e-05
2.514203348142796490e-05
2.560993100258456690e-05
2.608653617622550639e-05
2.657201105324506616e-05
2.706652070033241139e-05
2.757023325609582679e-05
2.808331998823169760e-05
2.860595535175744877e-05
2.913831704832788665e-05
2.968058608665602425e-05
3.023294684405776334e-05
3.079558712914223269e-05
3.136869824566879892e-05
3.195247505759213607e-05
3.254711605531847757e-05
3.315282342319423014e-05
3.376980310825087640e-05
3.439826489022928348e-05
3.503842245290675507e-05
3.569049345675229896e-05
3.635469961293317630e-05
3.703126675869923475e-05
3.772042493417001620e-05
3.842240846055060586e-05
3.913745601980384264e-05
3.986581073580438997e-05
4.060772025700369657e-05
4.136343684063277602e-05
4.213321743847289172e-05
4.291732378422157766e-05
4.371602248248502334e-05
4.452958509942659792e-05
4.535828825510191179e-05
4.620241371751313139e-05
4.706224849841281693e-05
4.793808495089106934e-05
4.883022086877885140e-05
4.973895958790067998e-05
5.066461008921268477e-05
5.160748710385907483e-05
5.256791122018419400e-05
5.354620899273612700e-05
5.454271305329835997e-05
5.555776222398877724e-05
5.659170163246242386e-05
5.764488282925873171e-05
5.871766390733261363e-05
5.981040962380943893e-05
6.092349152400711648e-05
6.205728806776500081e-05
6.321218475812448011e-05
6.438857427240425525e-05
6.558685659571435525e-05
6.680743915695614712e-05
6.805073696735206717e-05
6.931717276155400522e-05
7.060717714137780261e-05
7.192118872221193494e-05
7.325965428215229914e-05
7.462302891391108092e-05
7.601177617955322144e-05
7.742636826811278249e-05
7.886728615614156353e-05
8.033501977124735203e-05
8.183006815867388940e-05
8.335293965098187206e-05
8.490415204088755570e-05
8.648423275731726594e-05
8.809371904473991286e-05
8.973315814583520257e-05
9.140310748756223216e-05
9.310413487069085011e-05
9.483681866285927585e-05
9.660174799522645947e-05
9.839952296278226841e-05
1.002307548283865436e-04
1.020960662306046523e-04
1.039960913954120295e-04
1.059314763518370031e-04
1.079028791516183647e-04
1.099109700929497193e-04
1.119564319483878348e-04
1.140399601970033122e-04
1.161622632608501891e-04
1.183240627458377961e-04
1.205260936870842587e-04
1.227691047988359264e-04
1.250538587290391272e-04
1.273811323186478520e-04
1.297517168657586742e-04
1.321664183946605190e-04
1.346260579298911035e-04
1.371314717753945468e-04
1.396835117988739626e-04
1.422830457214352027e-04
1.449309574126216591e-04
1.476281471909391145e-04
1.503755321299738291e-04
1.531740463702079740e-04
1.560246414366367928e-04
1.589282865622978103e-04
1.618859690178199096e-04
1.648986944471065013e-04
1.679674872092653225e-04
1.710933907269013374e-04
1.742774678408919205e-04
1.775208011717636101e-04
1.808244934877951721e-04
1.841896680799710861e-04
1.876174691439119540e-04
1.911090621689137778e-04
1.946656343342263208e-04
1.982883949127071325e-04
2.019785756819878484e-04
2.057374313432911621e-04
2.095662399480432926e-04
2.134663033324245458e-04
2.174389475600079977e-04
2.214855233726359179e-04
2.256074066496859128e-04
2.298059988758851082e-04
2.340827276178294449e-04
2.384390470093720473e-04
2.428764382460450548e-04
2.473964100886811538e-04
2.520004993764092018e-04
2.566902715491951956e-04
2.614673211801091831e-04
2.663332725174980963e-04
2.712897800372464623e-04
2.763385290053169780e-04
2.814812360507581339e-04
2.867196497493769728e-04
2.920555512182745244e-04
2.974907547214440586e-04
3.030271082866396216e-04
3.086664943337274645e-04
3.144108303147264728e-04
3.202620693657650080e-04
3.262222009711669896e-04
3.322932516398971773e-04
3.384772855945983230e-04
3.447764054734464112e-04
3.511927530450727588e-04
3.577285099367873231e-04
3.643858983763544296e-04
3.711671819475766804e-04
3.780746663599348950e-04
3.851107002325568655e-04
3.922776758927719386e-04
3.995780301895269734e-04
4.070142453219438875e-04
4.145888496832911426e-04
4.223044187206672164e-04
4.301635758106795273e-04
4.381689931514194582e-04
4.463233926710397158e-04
4.546295469532399291e-04
4.630902801799736631e-04
4.717084690917017252e-04
4.804870439655133953e-04
4.894289896114531989e-04
4.985373463873893265e-04
5.078152112327670659e-04
5.172657387216019441e-04
5.268921421350676549e-04
5.366976945540475642e-04
5.466857299720180412e-04
5.568596444286409188e-04
5.672228971644543115e-04
5.777790117970506940e-04
5.885315775191450214e-04
5.994842503189408769e-04
6.106407542232036075e-04
6.220048825634712014e-04
6.335804992658254208e-04
6.453715401646702068e-04
6.573820143409585173e-04
6.696160054853215549e-04
6.820776732865685421e-04
6.947712548460240100e-04
7.077010661181889735e-04
7.208715033782135597e-04
7.342870447166758088e-04
7.479522515621820798e-04
7.618717702322999347e-04
7.760503335133571478e-04
7.904927622696419996e-04
8.052039670825469593e-04
8.201889499202202980e-04
8.354528058382871408e-04
8.510007247122246699e-04
8.668379930019773794e-04
8.829699955494082608e-04
8.994022174092044554e-04
9.161402457138521178e-04
9.331897715733238540e-04
9.505565920101191743e-04
9.682466119303123836e-04
9.862658461312820684e-04
1.004620421346813248e-03
1.023316578330244831e-03
1.042360673976401152e-03
1.061759183483000071e-03
1.081518702552288110e-03
1.101645949633656921e-03
1.122147768207980290e-03
1.143031129114478739e-03
1.164303132920876775e-03
1.185971012337669371e-03
1.208042134677328851e-03
1.230524004359261634e-03
1.253424265461399551e-03
1.276750704319265777e-03
1.300511252173408528e-03
1.324713987866117399e-03
1.349367140588306375e-03
1.374479092677536717e-03
1.400058382468097589e-03
1.426113707194128248e-03
1.452653925946781202e-03
1.479688062686396275e-03
1.507225309310755452e-03
1.535275028780422714e-03
1.563846758302246112e-03
1.592950212572122977e-03
1.622595287078087110e-03
1.652792061464895606e-03
1.683550802961202323e-03
1.714881969870539046e-03
1.746796215127245774e-03
1.779304389918577242e-03
1.812417547374237711e-03
1.846146946324547485e-03
1.880504055128581460e-03
1.915500555573527823e-03
1.951148346846616304e-03
1.987459549580983600e-03
2.024446509976803900e-03
2.062121803999142529e-03
2.100498241653915316e-03
2.139588871343421454e-03
2.179406984302956034e-03
2.219966119119954652e-03
2.261280066337277312e-03
2.303362873142131284e-03
2.346228848142262267e-03
2.389892566231050126e-03
2.434368873543110365e-03
2.479672892502157722e-03
2.525820026962784671e-03
2.572825967447932034e-03
2.620706696483852353e-03
2.669478494034320699e-03
2.719157943036018890e-03
2.769761935036890721e-03
2.821307675939470957e-03
2.873812691851066348e-03
2.927294835042816134e-03
2.981772290019673362e-03
3.037263579703311511e-03
3.093787571730136510e-03
3.151363484866479339e-03
3.210010895543171858e-03
3.269749744511767954e-03
3.330600343624588386e-03
3.392583382740991908e-03
3.455719936762139538e-03
3.520031472796678832e-03
3.585539857459817126e-03
3.652267364308175480e-03
3.720236681413065759e-03
3.789470919074667578e-03
3.859993617679767074e-03
3.931828755705770589e-03
4.005000757873610970e-03
4.079534503452449112e-03
4.155455334718875619e-03
4.232789065573549017e-03
4.311561990318228677e-03
4.391800892596085977e-03
4.473533054498463057e-03
4.556786265841063742e-03
4.641588833612777208e-03
4.727969591600390473e-03
4.815957910192351227e-03
4.905583706365045267e-03
4.996877453854883626e-03
5.089870193519680126e-03
5.184593543892912840e-03
5.281079711934331088e-03
5.379361503980703563e-03
5.479472336900287170e-03
5.581446249454960484e-03
5.685317913873753209e-03
5.791122647641758041e-03
5.898896425508499790e-03
6.008675891719686586e-03
6.120498372476696446e-03
6.234401888627863660e-03
6.350425168595961664e-03
6.468607661546327617e-03
6.588989550799949878e-03
6.711611767496280211e-03
6.836516004510238484e-03
6.963744730628221996e-03
7.093341204987996598e-03
7.225349491787214085e-03
7.359814475265763489e-03
7.496781874966876834e-03
7.636298261282242067e-03
7.778411071286490432e-03
7.923168624866253756e-03
8.070620141149498911e-03
8.220815755240541353e-03
8.373806535266490117e-03
8.529644499741025759e-03
8.688382635251184691e-03
8.850074914473439122e-03
9.014776314524916914e-03
9.182542835656282154e-03
9.353431520292386156e-03
9.527500472427289507e-03
9.704808877380306092e-03
9.885417021919572569e-03
1.006938631476027128e-02
1.025677930744421824e-02
1.044765971560804134e-02
1.064209244064724669e-02
1.084014359178330986e-02
1.104188050854160164e-02
1.124737178364751920e-02
1.145668728634871396e-02
1.166989818617147553e-02
1.188707697711903315e-02
1.210829750232039412e-02
1.233363497913776002e-02
1.256316602474120102e-02
1.279696868215941634e-02
1.303512244681508982e-02
1.327770829355429116e-02
1.352480870417875451e-02
1.377650769549053529e-02
1.403289084785873213e-02
1.429404533431761007e-02
1.456005995020648487e-02
1.483102514336104467e-02
1.510703304486653992e-02
1.538817750038346324e-02
1.567455410205595076e-02
1.596626022101425152e-02
1.626339504048192330e-02
1.656605958949913457e-02
1.687435677727375585e-02
1.718839142817145740e-02
1.750827031735725098e-02
1.783410220710008112e-02
1.816599788375326818e-02
1.850407019542302245e-02
1.884843409033795311e-02
1.919920665593284614e-02
1.955650715865949255e-02
1.992045708453869107e-02
2.029118018046677935e-02
2.066880249629082095e-02
2.105345242766706176e-02
2.144526075971667570e-02
2.184436071149426298e-02
2.225088798128369363e-02
2.266498079273692942e-02
2.308677994187169694e-02
2.351642884494348565e-02
2.395407358720877053e-02
2.439986297259550199e-02
2.485394857429798487e-02
2.531648478631355614e-02
2.578762887593800956e-02
2.626754103723835665e-02
2.675638444552045150e-02
2.725432531281027707e-02
2.776153294436800936e-02
2.827817979625341094e-02
2.880444153396297807e-02
2.934049709215787172e-02
2.988652873550382699e-02
3.044272212064302874e-02
3.100926635931926592e-02
3.158635408267818773e-02
3.217418150676371741e-02
3.277294849923381714e-02
3.338285864731761060e-02
3.400411932703706341e-02
3.463694177371734462e-02
3.528154115380883332e-02
3.593813663804625719e-02
3.660695147596902677e-02
3.728821307182833555e-02
3.798215306190736579e-02
3.868900739327975347e-02
3.940901640403447759e-02
4.014242490499322219e-02
4.088948226294860516e-02
4.165044248545184818e-02
4.242556430717776828e-02
4.321511127789762208e-02
4.401935185208874501e-02
4.483855948021186338e-02
4.567301270168747096e-02
4.652299523960189143e-02
4.738879609717651376e-02
4.827070965603182801e-02
4.916903577628026212e-02
5.008407989848212560e-02
5.101615314749833457e-02
5.196557243827657629e-02
5.293266058360561466e-02
5.391774640387499845e-02
5.492116483887789224e-02
5.594325706169377826e-02
5.698437059469142058e-02
5.804485942768977669e-02
5.912508413831875365e-02
6.022541201461927701e-02
6.134621717992506246e-02
6.248788072006894456e-02
6.365079081295571539e-02
6.483534286054720708e-02
6.604193962330305590e-02
6.727099135712336087e-02
6.852291595284064341e-02
6.979813907830660635e-02
7.109709432312431854e-02
7.242022334607314815e-02
7.376797602527730702e-02
7.514081061116970051e-02
7.653919388230147336e-02
7.796360130405229072e-02
7.941451719029339607e-02
8.089243486805938743e-02
8.239785684528519449e-02
8.393129498166364277e-02
8.549327066268376518e-02
8.708431497690724554e-02
8.870496889654402861e-02
9.035578346138929684e-02
9.203731996618221001e-02
9.375015015145289621e-02
9.549485639791965852e-02
9.727203192450536995e-02
9.908228099003797695e-02
1.009262190987048335e-01
1.028044732093309765e-01
1.047176819485520216e-01
1.066664958279538722e-01
1.086515774652537236e-01
1.106736018095974550e-01
1.127332563710487096e-01
1.148312414543511129e-01
1.169682703970384707e-01
1.191450698119774776e-01
1.213623798344241750e-01
1.236209543736769140e-01
1.259215613694150970e-01
1.282649830528059809e-01
1.306520162124719941e-01
1.330834724654076096e-01
1.355601785329368925e-01
1.380829765218092309e-01
1.406527242105236331e-01
1.432702953409829560e-01
1.459365799155757648e-01
1.486524844997857142e-01
1.514189325304352018e-01
1.542368646296627399e-01
1.571072389247448742e-01
1.600310313738701751e-01
1.630092360979741029e-01
1.660428657187529577e-01
1.691329517029646901e-01
1.722805447131392220e-01
1.754867149648152158e-01
1.787525525904235524e-01
1.820791680099462517e-01
1.854676923084697393e-01
1.889192776207664348e-01
1.924350975230332272e-01
1.960163474319185639e-01
1.996642450109793465e-01
2.033800305846980017e-01
2.071649675602066920e-01
2.110203428568596662e-01
2.149474673437980488e-01
2.189476762856620573e-01
2.230223297965936435e-01
2.271728133026902630e-01
2.314005380130653988e-01
2.357069413996727703e-01
2.400934876860651712e-01
2.445616683452443985e-01
2.491130026067790992e-01
2.537490379733571833e-01
2.584713507469563742e-01
2.632815465648020159e-01
2.681812609453013141e-01
2.731721598441378962e-01
2.782559402207125943e-01
2.834343306151309028e-01
2.887090917359234621e-01
2.940820170587060689e-01
2.995549334359816074e-01
3.051297017182870719e-01
3.108082173869063936e-01
3.165924111983520750e-01
3.224842498408438951e-01
3.284857366030046744e-01
3.345989120549974771e-01
3.408258547423451690e-01
3.471686818926559281e-01
3.536295501355039006e-01
3.602106562357073605e-01
3.669142378402494020e-01
3.737425742391063954e-01
3.806979871402283999e-01
3.877828414589453154e-01
3.949995461220646709e-01
4.023505548869293347e-01
4.098383671757261371e-01
4.174655289253134671e-01
4.252346334528677718e-01
4.331483223376402791e-01
4.412092863191189873e-01
4.494202662119142211e-01
4.577840538376616308e-01
4.663034929742726487e-01
4.749814803228504800e-01
4.838209664925957054e-01
4.928249570040513228e-01
5.019965133110079192e-01
5.113387538414321254e-01
5.208548550577665193e-01
5.305480525369574707e-01
5.404216420705915125e-01
5.504789807854967298e-01
5.607234882852026869e-01
5.711586478126434718e-01
5.817880074344935482e-01
5.926151812475553005e-01
6.036438506075864074e-01
6.148777653810016952e-01
6.263207452198692460e-01
6.379766808606281980e-01
6.498495354469888685e-01
6.619433458774387491e-01
6.742622241778335468e-01
6.868103588995307929e-01
6.995920165435374205e-01
7.126115430111745752e-01
7.258733650817246197e-01
7.393819919175873556e-01
7.531420165974375136e-01
7.671581176779301847e-01
7.814350607844542385e-01
7.959777002314977201e-01
8.107909806731694591e-01
8.258799387844272255e-01
8.412497049736118448e-01
8.569055051268347212e-01
8.728526623848370525e-01
8.890965989529167057e-01
9.056428379445293775e-01
9.224970052592174063e-01
9.396648314954690884e-01
9.571521538991856204e-01
9.749649183484095927e-01
9.931091813749800545e-01
1.011591112223829692e+00
1.030416994950587473e+00
1.049593230558226731e+00
1.069126339173477103e+00
1.089022962263730410e+00
1.109289864895222744e+00
1.129933938033221619e+00
1.150962200885031095e+00
1.172381803286599800e+00
1.194200028133532543e+00
1.216424293857367944e+00
1.239062156947915661e+00
1.262121314522546056e+00
1.285609606943296512e+00
1.309535020482667678e+00
1.333905690039058678e+00
1.358729901902709258e+00
1.384016096573130072e+00
1.409772871628967694e+00
1.436008984651260700e+00
1.462733356201129986e+00
1.489955072852853668e+00
1.517683390283403710e+00
1.545927736419478560e+00
1.574697714643086721e+00
1.604003107056819921e+00
1.633853877809860355e+00
1.664260176485901965e+00
1.695232341554121502e+00
1.726780903884356011e+00
1.758916590327732621e+00
1.791650327363899509e+00
1.824993244816150550e+00
1.858956679635688225e+00
1.893552179756295306e+00
1.928791508020777812e+00
1.964686646180444640e+00
2.001249798969034988e+00
2.038493398252464228e+00
2.076430107255774704e+00
2.115072824868794665e+00
2.154434690031882038e+00
2.194529086203311330e+00
2.235369645909796699e+00
2.276970255381680186e+00
2.319345059274427356e+00
2.362508465477945130e+00
2.406475150015421782e+00
2.451260062033339793e+00
2.496878428884326873e+00
2.543345761304648178e+00
2.590677858688006374e+00
2.638890814457512946e+00
2.688001021537607560e+00
2.738025177927857712e+00
2.788980292380439430e+00
2.840883690183301002e+00
2.893753019050953057e+00
2.947606255124858521e+00
3.002461709085549213e+00
3.058338032378431492e+00
3.115254223555484980e+00
3.173229634734979321e+00
3.232283978181380579e+00
3.292437333007768974e+00
3.353710152002928879e+00
3.416123268585525175e+00
3.479697903887695176e+00
3.544455673970435594e+00
3.610418597173337130e+00
3.677609101601030606e+00
3.746050032748989178e+00
3.815764661271252578e+00
3.886776690892667752e+00
3.959110266468458761e+00
4.032789982193705214e+00
4.107840889965642894e+00
4.184288507901584353e+00
4.262158829015325168e+00
4.341478330055092094e+00
4.422273980505896596e+00
4.504573251759453889e+00
4.588404126454761034e+00
4.673795107992464004e+00
4.760775230226368393e+00
4.849374067335233462e+00
4.939621743878315208e+00
5.031548945038056608e+00
5.125186927053333008e+00
5.220567527846974976e+00
5.317723177850966820e+00
5.416686911033146146e+00
5.517492376129128573e+00
5.620173848083187984e+00
5.724766239702178794e+00
5.831305113526219053e+00
5.939826693920350564e+00
6.050367879391224335e+00
6.162966255132942273e+00
6.277660105806499580e+00
6.394488428556936555e+00
6.513490946272796123e+00
6.634708121092351085e+00
6.758181168161110364e+00
6.883952069645496330e+00
7.012063589007176745e+00
7.142559285543119252e+00
7.275483529196232979e+00
7.410881515641570161e+00
7.548799281653431059e+00
7.689283720758305130e+00
7.832382599179203986e+00
7.978144572076629082e+00
8.126619200091946382e+00
8.277856966198472222e+00
8.431909292866251349e+00
8.588828559546257679e+00
8.748668120479914379e+00
8.911482322840202031e+00
9.077326525210223096e+00
9.246257116405733001e+00
9.418331534647959913e+00
9.593608287093147169e+00
9.772146969725724830e+00
9.954008287621517681e+00
1.013925407558814307e+01
1.032794731918952458e+01
1.052015217616159148e+01
1.071593399822671167e+01
1.091535935331391016e+01
1.111849604819269821e+01
1.132541315152812622e+01
1.153618101736478430e+01
1.175087130904807609e+01
1.196955702359042739e+01
1.219231251649109460e+01
1.241921352701784542e+01
1.265033720395903849e+01
1.288576213185518071e+01
1.312556835771842678e+01
1.336983741824945149e+01
1.361865236756082709e+01
1.387209780541621029e+01
1.413025990599533621e+01
1.439322644719406519e+01
1.466108684046982980e+01
1.493393216124253264e+01
1.521185517986104863e+01
1.549495039314631661e+01
1.578331405652116537e+01
1.607704421673821926e+01
1.637624074521689010e+01
1.668100537200059108e+01
1.699144172034625910e+01
1.730765534195723987e+01
1.762975375287203761e+01
1.795784647002096790e+01
1.829204504846293844e+01
1.863246311931559873e+01
1.897921642839099476e+01
1.933242287555043148e+01
1.969220255479173431e+01
2.005867779508233895e+01
2.043197320195270450e+01
2.081221569986337272e+01
2.119953457536068697e+01
2.159406152103567678e+01
2.199593068030074861e+01
2.240527869300018082e+01
2.282224474186896046e+01
2.324697059985645353e+01
2.367960067833078597e+01
2.412028207618006803e+01
2.456916462982790250e+01
2.502640096417916737e+01
2.549214654451420614e+01
2.596655972934872381e+01
2.644980182427719839e+01
2.694203713681882206e+01
2.744343303228362529e+01
2.795415999067859403e+01
2.847439166467247773e+01
2.900430493863991543e+01
2.954407998880379793e+01
3.009390034449718243e+01
3.065395295056529790e+01
3.122442823092858077e+01
3.180552015332919780e+01
3.239742629528195295e+01
3.300034791125281686e+01
3.361449000108768814e+01
3.424006137971425545e+01
3.487727474814177242e+01
3.552634676578139050e+01
3.618749812411276423e+01
3.686095362172161316e+01
3.754694224073336528e+01
3.824569722466998911e+01
3.895745615775501136e+01
3.968246104569477950e+01
4.042095839796309775e+01
4.117319931161679136e+01
4.193943955667186430e+01
4.271993966306776969e+01
4.351496500925045297e+01
4.432478591240400334e+01
4.514967772036101934e+01
4.598992090522438048e+01
4.684580115873045258e+01
4.771760948938740654e+01
4.860564232142138508e+01
4.951020159556351530e+01
5.043159487171358535e+01
5.137013543351338996e+01
5.232614239486656516e+01
5.329994080844092963e+01
5.429186177618942821e+01
5.530224256192899901e+01
5.633142670601351654e+01
5.737976414214127630e+01
5.844761131633637774e+01
5.953533130814370367e+01
6.064329395408061885e+01
6.177187597338487990e+01
6.292146109610337845e+01
6.409244019356457045e+01
6.528521141127846761e+01
6.650018030431118632e+01
6.773775997517745395e+01
6.899837121430010711e+01
7.028244264308352740e+01
7.159041085964888396e+01
7.292272058728312345e+01
7.427982482564910072e+01
7.566218500481046760e+01
7.707027114212303331e+01
7.850456200204509116e+01
7.996554525892345566e+01
8.145371766280736381e+01
8.296958520834914452e+01
8.451366330684722072e+01
8.608647696149245121e+01
8.768856094587427208e+01
8.932045998580959179e+01
9.098272894455567439e+01
9.267593301146882823e+01
9.440064789417603208e+01
9.615746001432096079e+01
9.794696670695385876e+01
9.976977642363210919e+01
1.016265089392995122e+02
1.035177955630176285e+02
1.054442793526168458e+02
1.074066153333432254e+02
1.094054707205743568e+02
1.114415251466788135e+02
1.135154708920998985e+02
1.156280131207375348e+02
1.177798701197118021e+02
1.199717735435885544e+02
1.222044686631488730e+02
1.244787146187906188e+02
1.267952846786433980e+02
1.291549665014882748e+02
1.315585624045705231e+02
1.340068896363950728e+02
1.365007806546013853e+02
1.390410834090069727e+02
1.416286616299197476e+02
1.442643951218158804e+02
1.469491800624817301e+02
1.496839293077255491e+02
1.524695727017573006e+02
1.553070573933458434e+02
1.581973481578601479e+02
1.611414277253019804e+02
1.641402971144466392e+02
1.671949759731988365e+02
1.703065029252842635e+02
1.734759359233932514e+02
1.767043526088946521e+02
1.799928506782476347e+02
1.833425482562288948e+02
1.867545842761074084e+02
1.902301188668945713e+02
1.937703337477989010e+02
1.973764326300255334e+02
2.010496416260496915e+02
2.047912096665083368e+02
2.086024089248504936e+02
2.124845352498882960e+02
2.164389086064020375e+02
2.204668735239407624e+02
2.245697995539771625e+02
2.287490817355703996e+02
2.330061410696924611e+02
2.373424250023866193e+02
2.417594079169128349e+02
2.462585916350544153e+02
2.508415059277541275e+02
2.555097090352506939e+02
2.602647881969004402e+02
2.651083601908536025e+02
2.700420718837769982e+02
2.750676007908067504e+02
2.801866556459195294e+02
2.854009769829237371e+02
2.907123377272575340e+02
2.961225437988037470e+02
3.016334347259196988e+02
3.072468842709003525e+02
3.129648010670750296e+02
3.187891292677642809e+02
3.247218492073131983e+02
3.307649780744242776e+02
3.369205705980266998e+02
3.431907197459042891e+02
3.495775574363271403e+02
3.560832552629281622e+02
3.627100252330648118e+02
3.694601205199302285e+02
3.763358362286532497e+02
3.833395101766597577e+02
3.904735236885563836e+02
3.977403024058036749e+02
4.051423171114647062e+02
4.126820845702951601e+02
4.203621683844709196e+02
4.281851798652415368e+02
4.361537789208005620e+02
4.442706749606882681e+02
4.525386278170166747e+02
4.609604486828429231e+02
4.695390010680062574e+02
4.782772017727485263e+02
4.871780218794630741e+02
4.962444877628913673e+02
5.054796821191235381e+02
5.148867450137497599e+02
5.244688749495119282e+02
5.342293299538351903e+02
5.441714286865887971e+02
5.542985515684663369e+02
5.646141419303672819e+02
5.751217071841613233e+02
5.858248200152536356e+02
5.967271195973310114e+02
6.078323128297223548e+02
6.191441755977847379e+02
6.306665540567405515e+02
6.424033659394191318e+02
6.543586018883229372e+02
6.665363268124906426e+02
6.789406812696112183e+02
6.915758828738524926e+02
7.044462277299037396e+02
7.175560918936921553e+02
7.309099328602903825e+02
7.445122910795142843e+02
7.583677914997190328e+02
7.724811451403400042e+02
7.868571506936843889e+02
8.015006961565396750e+02
8.164167604921472048e+02
8.316104153230961629e+02
8.470868266557401967e+02
8.628512566366887313e+02
8.789090653419963246e+02
8.952657125996400964e+02
9.119267598459298370e+02
9.288978720164498100e+02
9.461848194721992513e+02
9.637934799615795782e+02
9.817298406188840545e+02
1.000000000000000000e+03
