2.448009719302165266e+00 2.496375792093862511e+00
5.992751584417983501e+00 6.111152200669272005e+00
1.467031412064070928e+01 1.496015997992848590e+01
3.591307154427495618e+01 3.662261702474754799e+01
8.791554817013580703e+01 8.965252240221971647e+01
2.152181163487144033e+02 2.194702461500539243e+02
5.268560404702436699e+02 5.372652955492609408e+02
1.289748707447236256e+03 1.315230665045498426e+03
3.157317370561240750e+03 9.337843315570022469e+02
3.157317370561240750e+03 1.816220429443182184e+03
6.789758229447605117e+03 2.008565648346753733e+03
7.174448667254748216e+03 3.673317717634436121e+02
7.524421772974492342e+03 3.499731057197441260e+02
7.874394878694236468e+03 2.974771398617822342e+02
8.119376052698056810e+03 1.574878975738843110e+02
8.189370673842005090e+03 1.049919317159228740e+02
8.329359916129902558e+03 1.749865528598716082e+02
8.539343779561748306e+03 1.224905870019101712e+02
8.574341090133722901e+03 2.449811740038212520e+02
9.029306127569390810e+03 2.799784845757949370e+02
9.134298059285312775e+03 2.274825187178330452e+02
9.484271165005056901e+03 2.799784845757949370e+02
9.694255028436902649e+03 1.574878975738847657e+02
9.799246960152826432e+03 6.999462114394918899e+01
9.834244270724801027e+03 1.574878975738847657e+02
1.011422275530059596e+04 3.236515990290572518e+02
1.048154746878291553e+04 2.855662904654382146e+02
1.068535533623147239e+04 1.601347529952945479e+02
1.080181697477350463e+04 7.278852408876991831e+01
1.083093238440901223e+04 2.911540963550760353e+01
1.086004779404451983e+04 7.278852408877082780e+01
1.097650943258655388e+04 8.734622890652462956e+01
1.103474025185756909e+04 8.734622890652372007e+01
1.115120189039960133e+04 8.734622890652462956e+01
1.120943270967061835e+04 7.278852408877082780e+01
1.129677893857714298e+04 1.019039337242784313e+02
1.141324057711917521e+04 2.183655722663106644e+02
1.173351008310976431e+04 1.746924578130483496e+02
1.176262549274527191e+04 1.019039337242784313e+02
1.193731795055832117e+04 1.892501626308030609e+02
1.214112581800687803e+04 1.164616385420322331e+02
1.217024122764238564e+04 4.367311445326140529e+01
1.222847204691340085e+04 1.019039337242784313e+02
1.237404909509094250e+04 1.019039337242784313e+02
1.243227991436195771e+04 5.823081927101611655e+01
1.249051073363297473e+04 7.278852408877082780e+01
1.257785696253949936e+04 5.823081927101611655e+01
1.260697237217500697e+04 8.734622890652462956e+01
1.275254942035254862e+04 1.746924578130483496e+02
1.295635728780110367e+04 1.892501626308021514e+02
1.313104974561415293e+04 1.310193433597869443e+02
1.321839597452067756e+04 7.278852408876991831e+01
1.327662679379169276e+04 7.278852408876991831e+01
1.336397302269821739e+04 5.823081927101702604e+01
1.339308843233372681e+04 8.734622890652462956e+01
1.353866548051126665e+04 8.734622890652372007e+01
1.356778089014677425e+04 4.367311445326231478e+01
1.362601170941779128e+04 1.164616385420331426e+02
