0.000000000000000000e+00 8.299219687375672949e-01
1.000000000000000062e-09 8.299219687368547538e-01
1.220667334570635466e-09 8.299219687368547538e-01
1.490028741687779781e-09 8.299219687368547538e-01
1.818829412549667474e-09 8.299219687368547538e-01
2.220185651055677078e-09 8.299219687368547538e-01
2.710108100926104461e-09 8.299219687368547538e-01
3.308140431955754579e-09 8.299219687368547538e-01
4.038138963460782023e-09 8.299219687199487216e-01
4.929224325153521203e-09 8.299219684601705227e-01
6.016943118485888022e-09 8.299219663389731938e-01
7.344685918705297132e-09 8.299219663389731938e-01
8.965418183644474236e-09 8.299219661532472037e-01
1.094379311754042989e-08 8.299219645698722170e-01
1.335873077488056885e-08 8.299219625535809719e-01
1.630656628822018452e-08 8.299219624977659526e-01
1.990489280704111437e-08 8.299219621982782957e-01
2.429725244768513938e-08 8.299219566624901345e-01
2.965886238270566864e-08 8.299219542720291942e-01
3.620360449109468515e-08 8.299219524416845406e-01
4.419255739599404231e-08 8.299219509106120496e-01
5.394441124442786596e-08 8.299219461317975943e-01
6.584818068871812146e-08 8.299219408549803889e-01
8.037872320762313679e-08 8.299219348806632368e-01
9.811568181404041588e-08 8.299219275550308028e-01
1.197666077995252715e-07 8.299219184595996168e-01
1.461951859132132222e-07 8.299219022716967098e-01
1.784556879157408415e-07 8.299218882441067313e-01
2.178350289070769825e-07 8.299218696688526187e-01
2.659041041121189752e-07 8.299218556529749380e-01
3.245804540179330287e-07 8.299218305283252439e-01
3.962047576597970142e-07 8.299217899902318063e-01
4.836342054767899795e-07 8.299217562467349207e-01
5.903564765065414539e-07 8.299217037044975820e-01
7.206288666237520223e-07 8.299216581118831204e-01
8.796481178362732638e-07 8.299215808399313943e-01
1.073757723359282206e-06 8.299214953981999265e-01
1.310700978147608784e-06 8.299213951302915060e-01
1.599929869414569643e-06 8.299212643216054008e-01
1.952982129198227364e-06 8.299211102318192479e-01
2.383941490112484814e-06 8.299209166082559541e-01
2.909999504507961832e-06 8.299206855129822591e-01
3.552141338769610826e-06 8.299204056745209668e-01
4.335982900014069942e-06 8.299200480269569580e-01
5.292792689304028516e-06 8.299196306885820995e-01
6.460739144487693983e-06 8.299191089239607022e-01
7.886413230857977803e-06 8.299184842031874787e-01
9.626687017834021149e-06 8.299177232046329733e-01
1.175098238280519424e-05 8.299167873318950006e-01
1.434404034380531121e-05 8.299156416104763734e-01
1.750930149344652573e-05 8.299142425380263699e-01
2.137303238419901793e-05 8.299125430293137207e-01
2.608936247211214362e-05 8.299104554701446368e-01
3.184643254948029643e-05 8.299079139589258247e-01
3.887389993575764054e-05 8.299048125515006147e-01
4.745209981894697103e-05 8.299010248835942960e-01
5.792322820577373008e-05 8.298964086659501582e-01
7.070499258366862464e-05 8.298907687360697061e-01
8.630727483794332325e-05 8.298838787585767207e-01
1.053524711304875452e-04 8.298754658024608544e-01
1.286003201252823298e-04 8.298652221986630995e-01
1.569782099922588251e-04 8.298526868886195729e-01
1.916181731769204567e-04 8.298373986459928187e-01
2.339020447071659455e-04 8.298187458566577135e-01
2.855165854633184321e-04 8.297959670539729604e-01
3.485207693532179642e-04 8.297681706234516508e-01
4.254279185688997949e-04 8.297342340025110063e-01
5.193059634114333828e-04 8.296928084292135575e-01
6.338998261840703185e-04 8.296422391455764433e-01
7.737808112128997592e-04 8.295805270790229669e-01
9.445289603651544057e-04 8.295051971459853624e-01
1.152955648473708754e-03 8.294132570925020209e-01
1.407375298300560674e-03 8.293010182295651456e-01
1.717937054117098499e-03 8.291640454094998391e-01
2.097029644809252254e-03 8.289968603737247754e-01
2.559775587044916395e-03 8.287928136027099546e-01
3.124634442937108264e-03 8.285437979198689851e-01
3.814139196967642528e-03 8.282399058147560389e-01
4.655795127243875925e-03 8.278690687293536188e-01
5.683177028279746794e-03 8.274165626880222169e-01
6.937268555003302771e-03 8.268644362270730630e-01
8.468097116236583677e-03 8.261908558770196809e-01
1.033672953576179540e-02 8.253691841633906678e-01
1.261770809059593879e-02 8.243670228898918317e-01
1.540202410333808662e-02 8.231449641201334932e-01
1.880074770921438473e-02 8.216550868550374087e-01
2.294945859414174866e-02 8.198392610645733880e-01
2.801365445195017068e-02 8.176269503108813952e-01
3.419535291144490396e-02 8.149328551446677338e-01
4.174115029311566832e-02 8.116539344564751568e-01
5.095205867020990292e-02 8.076661600133990815e-01
6.219551364785176617e-02 8.028207818295504117e-01
7.592003186677478976e-02 7.969403632597542586e-01
9.267310293933388177e-02 7.898146954402679443e-01
1.131230295513470513e-01 7.811970497264375535e-01
1.380855869609980136e-01 7.708015724582699679e-01
1.685565653783031581e-01 7.583029504266884935e-01
2.057514933847143790e-01 7.433401238345834772e-01
2.511541270138470394e-01 7.255269231289472875e-01
3.065756387884087664e-01 7.044725537035091412e-01
3.742268678441368346e-01 6.798157786924345913e-01
4.568065132960199559e-01 6.512750528170192510e-01
5.576087889995582358e-01 6.187136524357721434e-01
6.806548342012533892e-01 5.822119842716283467e-01
8.308531222270617578e-01 5.421306408890204098e-01
1.014195266128598005e+00 4.991404328672505719e-01
1.237995032239352033e+00 4.541975062396219620e-01
1.511180096215297697e+00 4.084557789348187140e-01
1.844648180103331425e+00 3.631334616955291805e-01
2.251701777227307133e+00 3.193690284558886594e-01
2.748578806656019946e+00 2.781051741826280899e-01
3.355100365778141747e+00 2.400237477245254214e-01
4.095461420711368206e+00 2.055336823385826017e-01
4.999195976256634033e+00 1.747985126058113070e-01
6.102355227333431387e+00 1.477852372844087880e-01
7.448945689952283900e+00 1.243189580349391699e-01
9.092684680715478862e+00 1.041333717045008767e-01
1.109914317330021305e+01 8.691228401002457082e-02
1.354836151337029015e+01 7.232154537182254594e-02
1.653804233632509479e+01 6.003094020972978007e-02
2.018744805769827622e+01 4.972760196776457309e-02
2.464215841237370697e+01 4.112474156945257475e-02
3.007987782729969695e+01 3.396557416108823835e-02
3.671752429166028264e+01 2.802424583816594955e-02
4.481988250913351379e+01 2.310484892053343842e-02
5.471016651819305565e+01 1.903930187734449719e-02
6.678291313767833515e+01 1.568465360453388455e-02
8.151972057463243004e+01 1.292017548602598410e-02
9.950846002877955243e+01 1.064448478022346663e-02
1.214667266705589554e+02 8.772835677650739003e-03
1.482704654839711225e+02 7.234655822311740828e-03
1.809889138978664391e+02 5.971358465730006171e-03
2.209272551145437831e+02 4.934433282198964071e-03
2.696786836346769292e+02 4.083801941436690508e-03
3.291879599428587539e+02 3.386418119238961133e-03
4.018289896361945353e+02 2.815081695755138058e-03
4.904995217324250802e+02 2.347455670111907831e-03
5.987367438012931871e+02 1.965230272869306679e-03
7.308583851654260570e+02 1.653416818496322152e-03
8.921349569684795142e+02 1.399643306519658291e-03
1.089000000000000227e+03 1.192531180225336104e-03
